0.581191
0.643162
0.487633
0.625018
0.536084
0.680772
0.679112
0.567822
0.610816
0.551105
0.691831
0.609385
0.570237
0.673067
0.588775
0.605084
0.601805
0.609466
0.677402
0.631752
0.667038
0.513981
0.526249
0.646317
0.593194
0.523195
0.589213
0.593495
0.603841
0.505946
0.651509
0.718333
0.701487
0.589303
0.515298
0.555761
0.588483
0.719898
0.520986
0.608890
0.489132
0.583597
0.594407
0.573094
0.637373
0.458848
0.592682
0.433840
0.478001
0.561186
0.572886
0.633475
0.614001
0.594965
0.633387
0.624656
0.569818
0.574141
0.502692
0.581464
0.585148
0.572095
0.575161
0.716246
0.600174
0.565279
0.468415
0.628405
0.570175
0.556103
0.558599
0.569538
0.633176
0.588906
0.571251
0.663286
0.538101
0.565231
0.462387
0.505113
0.631779
0.590000
0.639255
0.589527
0.572320
0.627151
0.657814
0.528826
0.594774
0.616208
0.560815
0.480799
0.538670
0.642418
0.557133
0.559079
0.623981
0.592595
0.495473
0.610904
0.642170
0.570459
0.585541
0.563124
0.628526
0.689218
0.581248
0.561632
0.476338
0.710061
0.728956
0.706264
0.634759
0.643525
0.551445
0.647837
0.641378
0.572442
0.543784
0.612062
0.562131
0.585416
0.562050
0.532953
0.534283
0.507918
0.608440
0.627374
0.486697
0.573662
0.627391
0.562994
0.584228
0.627480
0.731590
0.508681
0.634309
0.693517
0.543335
0.622961
0.625711
0.533384
0.594710
0.567520
0.494129
0.568005
0.597586
0.592150
0.581436
0.656450
0.543768
0.631278
0.624378
0.599472
0.684984
0.604839
0.731479
0.624965
0.658707
0.568332
0.566320
0.687366
0.603707
0.657920
0.540715
0.419783
0.602065
0.579345
0.607906
0.627237
0.620016
0.418528
0.616511
0.614455
0.579863
0.560658
0.544522
0.605387
0.581254
0.638456
0.572668
0.530750
0.527842
0.616970
0.607300
0.564363
0.568942
0.554269
0.640694
0.557028
0.611662
0.598528
0.697869
0.633977
0.413548
0.593009
0.548340
0.597278
0.549807
0.585561
0.633541
0.546402
0.612694
0.630794
0.602990
0.569601
0.432840
0.677767
0.567483
0.551970
0.609441
0.651175
0.538368
0.580354
0.612018
0.562337
0.554987
0.559327
0.576651
0.707193
0.506194
0.645743
0.580951
0.599824
0.665458
0.617661
0.607481
0.422616
0.551567
0.548899
0.555161
0.556484
0.598842
0.571547
0.639778
0.583780
0.704221
0.551137
0.587168
0.640182
0.634208
0.529512
0.687990
0.539687
0.627636
0.617655
0.658560
0.469916
0.551007
0.578797
0.472465
0.541552
0.539732
0.499325
0.624050
0.601200
0.520965
0.570920
0.596041
0.698133
0.598168
0.547299
0.626730
0.555005
0.589036
0.601327
0.675866
0.657802
0.620080
0.701086
0.551262
0.528347
0.561502
0.538226
0.520466
0.532657
0.571001
0.648728
0.520028
0.615700
0.505867
0.514026
0.637700
0.563688
0.719379
0.636234
0.518971
0.676976
0.530602
0.508458
0.637432
0.514669
0.464061
0.510147
0.591990
0.580718
0.572213
0.681745
0.547501
0.582041
0.478098
0.590805
0.582778
0.494885
0.473341
0.564694
0.652198
0.536624
0.617719
0.467949
0.620182
0.543916
0.614930
0.592122
0.583693
0.638182
0.577820
0.632440
0.656092
0.628374
0.594017
0.642424
0.707021
0.583972
0.633270
0.621201
0.687441
0.626678
0.675976
0.610950
0.614352
0.544756
0.585193
0.651826
0.639708
0.593793
0.590893
0.508612
0.677581
0.476431
0.512748
0.635210
0.527365
0.577485
0.661651
0.522184
0.530850
0.464159
0.675279
0.682701
0.483610
0.526614
0.626304
0.720014
0.563380
0.522626
0.577088
0.668716
0.573956
0.605519
0.584377
0.706114
0.628770
0.603114
0.434693
0.610202
0.605556
0.490274
0.601301
0.643589
0.522207
0.701185
0.552445
0.502975
0.670897
0.636550
0.666349
0.547174
0.565980
0.556826
0.545723
0.589558
0.489008
0.539059
0.638381
0.571140
0.542012
0.603733
0.655833
0.648319
0.556682
0.508340
0.600272
0.586837
0.495587
0.528975
0.610367
0.441065
0.631726
0.571075
0.787919
0.590646
0.529521
0.565055
0.682784
0.607582
0.575774
0.662926
0.660663
0.633516
0.566965
0.573045
0.542971
0.512562
0.611352
0.568860
0.525375
0.640716
0.616567
0.643031
0.663231
0.500757
0.524533
0.557895
0.583807
0.523167
0.457513
0.517152
0.531446
0.614042
0.612726
0.585406
0.514677
0.624811
0.512918
0.527597
0.558277
0.581319
0.553822
0.550325
0.649827
0.501179
0.523632
0.559649
0.517340
0.416270
0.612292
0.684617
0.543877
0.566326
0.584503
0.572495
0.570456
0.508490
0.654307
0.662544
0.635605
0.590343
0.524679
0.616236
0.717357
0.555367
0.667368
0.694728
0.609892
0.570830
0.549465
0.525465
0.666444
0.528662
0.491292
0.525831
0.505664
0.490741
0.586929
0.640701
0.558202
0.526589
0.597447
0.586624
0.661524
0.625349
0.624575
0.573456
0.585682
0.639968
0.604744
0.600910
0.578520
0.528124
0.508392
0.571100
0.597765
0.569096
0.645008
0.552829
0.627323
0.526846
0.600286
0.654828
0.561871
0.600283
0.579759
0.553764
0.623386
0.559752
0.580090
0.563946
0.682655
0.654579
0.558100
0.589002
0.545902
0.600465
0.673510
0.570814
0.609174
0.599099
0.538476
0.445761
0.558902
0.693801
0.635417
0.596025
0.623848
0.619333
0.446290
0.661312
0.515150
0.666415
0.585523
0.539964
0.626887
0.680003
0.515872
0.475607
0.619746
0.537959
0.640668
0.558207
0.632262
0.565342
0.632982
0.645642
0.574035
0.683408
0.642285
0.480865
0.570626
0.543059
0.539713
0.538038
0.601056
0.556778
0.616980
0.590825
0.582072
0.735276
0.564484
0.673744
0.630425
0.649265
0.546076
0.617284
0.592928
0.674792
0.767137
0.485487
0.637574
0.426764
0.601432
0.595979
0.605592
0.557092
0.640759
0.602674
0.571924
0.635603
0.640094
0.513352
0.579271
0.585958
0.535278
0.637887
0.634942
0.582287
0.480425
0.571115
0.562574
0.453937
0.489788
0.551137
0.601899
0.658601
0.599722
0.493183
0.591990
0.581970
0.576246
0.596478
0.644504
0.623981
0.606897
0.679338
0.675145
0.584161
0.541424
0.572521
0.657991
0.494532
0.569711
0.653874
0.638056
0.605734
0.653561
0.666490
0.683269
0.528220
0.677086
0.594962
0.605672
0.548542
0.645068
0.568203
0.640930
0.635689
0.608130
0.591812
0.593993
0.644193
0.585674
0.594338
0.578055
0.598832
0.570550
0.623541
0.652825
0.584155
0.556730
0.722168
0.579253
0.530589
0.648100
0.555223
0.581419
0.602545
0.680885
0.544111
0.622849
0.533048
0.616723
0.541130
0.665395
0.501984
0.576159
0.557329
0.634331
0.605927
0.485794
0.540919
0.588722
0.668294
0.574505
0.622130
0.626556
0.682859
0.537407
0.520437
0.654252
0.550435
0.538629
0.600549
0.593795
0.582161
0.558336
0.490112
0.649437
0.552977
0.572007
0.726918
0.623162
0.665951
0.640560
0.547791
0.544141
0.533831
0.627925
0.480683
0.668114
0.534457
0.515822
0.682239
0.598295
0.503336
0.649318
0.661950
0.570552
0.520478
0.523606
0.530824
0.610633
0.661005
0.462159
0.574832
0.485898
0.671701
0.597086
0.569479
0.569095
0.605009
0.515270
0.613632
0.608241
0.639693
0.642673
0.652766
0.519964
0.501951
0.599736
0.589565
0.451394
0.529839
0.658113
0.687251
0.623276
0.529070
0.614150
0.560774
0.566014
0.611930
0.629951
0.486008
0.604833
0.623134
0.454614
0.648258
0.569949
0.619774
0.715692
0.735943
0.663640
0.721392
0.611189
0.597346
0.468000
0.597528
0.636463
0.554886
0.633949
0.524157
0.557395
0.656161
0.497455
0.625155
0.551141
0.594753
0.567945
0.649950
0.567017
0.569157
0.567627
0.627175
0.530361
0.501450
0.499664
0.651665
0.516088
0.520849
0.664184
0.670519
0.608921
0.640803
0.583127
0.608185
0.541735
0.607134
0.470742
0.676814
0.539541
0.576690
0.499954
0.633982
0.554222
0.532484
0.441020
0.686769
0.428094
0.588192
0.694519
0.567423
0.616958
0.577052
0.650775
0.476961
0.598676
0.567299
0.624305
0.579041
0.659556
0.705582
0.596186
0.632271
0.601535
0.590350
0.577722
0.538222
0.625789
0.578162
0.588452
0.633093
0.422080
0.532845
0.556984
0.612868
0.582215
0.616794
0.688979
0.504515
0.678296
0.496273
0.669351
0.649014
0.576948
0.710979
0.637487
0.570550
0.658321
0.658952
0.662212
0.594798
0.553119
0.442657
0.611549
0.578978
0.600897
0.688940
0.615318
0.578700
0.610399
0.636348
0.533747
0.650142
0.484256
0.642383
0.733311
0.639624
0.589533
0.557770
0.624347
0.670908
0.381643
0.498883
0.642272
0.549973
0.635971
0.567405
0.565803
0.618200
0.564148
0.540634
0.549954
0.621981
0.601936
0.541430
0.604300
0.648396
0.546719
0.585138
0.608798
0.542406
0.558704
0.648274
0.591053
0.552260
0.635931
0.530634
0.632040
0.598957
0.526755
0.566976
0.640224
0.635321
0.554130
0.548353
0.588882
0.639511
0.643845
0.579421
0.488560
0.677791
0.586903
0.562426
0.563488
0.563526
0.593441
0.563362
0.595412
0.468998
0.649372
0.567118
0.660031
0.545758
0.450195
0.456506
0.639805
0.573055
0.634142
0.609969
0.582655
0.639011
0.476459
0.442454
0.541620
0.696382
0.439705
0.644926
0.681073
0.497314
0.692709
0.551099
0.570715
0.632375
0.573742
0.608291
0.638149
0.667232
0.612816
0.542355
0.590325
0.686669
0.677926
0.518649
0.609932
0.638672
0.594386
0.596221
0.532082
0.483945
0.610826
0.714660
0.482909
0.573503
0.520341
0.590961
0.564946
0.514452
0.657506
0.562707
0.514193
0.583357
0.587825
0.609304
0.610200
0.511132
0.605453
0.589681
0.729520
0.569873
0.547419
0.696961
0.478548
0.669705
0.551650
0.580812
0.582434
0.566787
0.518539
0.697090
0.665196
0.622797
0.512598
0.468128
0.580316
0.544816
0.479195
0.506750
0.665050
0.557536
0.614602
0.557379
0.567436
0.588992
0.637846
0.613720
0.570204
0.657621
0.497674
0.672340
0.658477
0.559619
0.607685
0.560708
0.479170
0.543169
0.618617
0.588051
0.483011
0.599027
0.635284
0.583079
