0.602151
0.622604
0.632967
0.661419
0.592336
0.626007
0.646019
0.595261
0.633660
0.648191
0.641688
0.538383
0.566729
0.570564
0.664698
0.640540
0.577263
0.556381
0.582448
0.610013
0.523781
0.525252
0.603980
0.624985
0.647576
0.658544
0.582847
0.597011
0.576736
0.601542
0.627605
0.647926
0.545349
0.543189
0.656291
0.590608
0.595539
0.600758
0.609179
0.554316
0.625372
0.557490
0.624792
0.560404
0.630452
0.622462
0.582875
0.613720
0.619047
0.605571
0.583579
0.518847
0.636833
0.582777
0.574452
0.553730
0.592650
0.596560
0.609356
0.645084
0.569722
0.662054
0.635361
0.614906
0.612602
0.604501
0.550471
0.660641
0.605965
0.558177
0.542266
0.561404
0.651075
0.617008
0.592717
0.619447
0.557089
0.642037
0.618267
0.617946
0.642429
0.627692
0.628702
0.588083
0.550825
0.580819
0.607642
0.588629
0.590847
0.595439
0.614390
0.604429
0.616174
0.639441
0.610138
0.610038
0.615857
0.551923
0.611315
0.615717
0.597249
0.546486
0.650103
0.525346
0.595986
0.586224
0.653436
0.693919
0.601339
0.569442
0.566933
0.708910
0.641354
0.607091
0.628316
0.574392
0.608148
0.592706
0.573441
0.612802
0.597910
0.625649
0.582255
0.598593
0.526250
0.530313
0.588295
0.598712
0.685041
0.612514
0.586075
0.640924
0.623860
0.615664
0.605018
0.533949
0.631128
0.616549
0.613891
0.558495
0.580791
0.571774
0.521802
0.585631
0.595006
0.612673
0.594594
0.625010
0.610267
0.616649
0.648254
0.570185
0.545723
0.580050
0.651983
0.578447
0.606546
0.650137
0.671516
0.574917
0.594810
0.567662
0.625889
0.595057
0.591886
0.586372
0.593790
0.595385
0.580722
0.575101
0.616588
0.610404
0.527733
0.590670
0.555620
0.613861
0.586788
0.601453
0.622164
0.662268
0.592735
0.569435
0.552433
0.592780
0.555906
0.572104
0.548654
0.542233
0.555131
0.656222
0.596948
0.542251
0.607984
0.649364
0.575539
0.573315
0.541414
0.528114
0.556060
0.589151
0.580341
0.549693
0.612694
0.610356
0.577938
0.581818
0.596102
0.582392
0.549921
0.565531
0.622964
0.562296
0.562281
0.621916
0.574139
0.585633
0.504971
0.625556
0.576467
0.568092
0.557706
0.556614
0.574290
0.629048
0.650506
0.608823
0.545648
0.564867
0.542728
0.612648
0.596825
0.596290
0.669462
0.579808
0.610981
0.583202
0.568839
0.634818
0.639941
0.602025
0.602098
0.589594
0.628047
0.587841
0.571974
0.614470
0.563159
0.691176
0.594294
0.656671
0.562585
0.590965
0.538122
0.611476
0.558670
0.610607
0.562544
0.566983
0.600267
0.617134
0.588648
0.616497
0.555604
0.534702
0.599436
0.544272
0.588295
0.636744
0.644534
0.653503
0.612137
0.620118
0.514400
0.627135
0.561075
0.594129
0.608472
0.599133
0.562200
0.613117
0.521902
0.506365
0.553055
0.569520
0.520560
0.592526
0.604993
0.619643
0.640558
0.575164
0.596945
0.624295
0.542146
0.543954
0.575577
0.533134
0.510106
0.598703
0.605193
0.582686
0.583087
0.595512
0.609648
0.494885
0.576163
0.653762
0.595282
0.611327
0.577725
0.545055
0.561220
0.572556
0.547152
0.627582
0.567555
0.601620
0.611097
0.581779
0.623215
0.567933
0.590937
0.618182
0.635250
0.641620
0.564812
0.502190
0.571817
0.544166
0.667156
0.619835
0.633754
0.628283
0.574746
0.599735
0.571599
0.597183
0.529223
0.512753
0.596576
0.510550
0.612399
0.629957
0.608633
0.624986
0.571233
0.564606
0.574862
0.592099
0.599322
0.577286
0.553838
0.535491
0.620018
0.599480
0.606097
0.603616
0.555868
0.625648
0.613924
0.585772
0.606685
0.547546
0.602055
0.601447
0.576611
0.574118
0.597012
0.677663
0.527811
0.608852
0.698669
0.613748
0.555304
0.641885
0.628574
0.561531
0.575898
0.598539
0.600480
0.624971
0.688402
0.606913
0.628992
0.595064
0.530677
0.664698
0.573861
0.650318
0.621220
0.599071
0.618765
0.575769
0.565249
0.604290
0.575978
0.634586
0.610367
0.585301
0.620135
0.561481
0.633097
0.601955
0.630546
0.593767
0.645868
0.574911
0.594056
0.573102
0.594182
0.578333
0.566943
0.561230
0.621505
0.595886
0.605819
0.533933
0.550869
0.687394
0.575751
0.587483
0.576703
0.572968
0.688066
0.548774
0.603751
0.567915
0.632632
0.593319
0.591944
0.572435
0.515852
0.576580
0.609352
0.622680
0.542316
0.524399
0.680393
0.558172
0.605705
0.620689
0.625593
0.570535
0.626317
0.587839
0.599198
0.648062
0.664408
0.617299
0.589283
0.629845
0.568861
0.570100
0.573113
0.609734
0.626654
0.612325
0.620899
0.643747
0.583638
0.567826
0.534111
0.614662
0.623257
0.583875
0.619130
0.635750
0.587166
0.594412
0.603451
0.639369
0.574605
0.625282
0.573076
0.548905
0.532825
0.624496
0.548585
0.563488
0.637405
0.596872
0.575209
0.612700
0.529078
0.578519
0.580864
0.587925
0.570453
0.603971
0.678302
0.581024
0.552482
0.613858
0.604720
0.528525
0.625241
0.583324
0.633867
0.523442
0.647765
0.619048
0.609465
0.581106
0.658893
0.639957
0.644555
0.617988
0.556761
0.583677
0.593299
0.599562
0.589280
0.579851
0.620944
0.628178
0.579986
0.642103
0.570908
0.612880
0.594958
0.552114
0.580067
0.634550
0.619456
0.670368
0.564650
0.645843
0.609104
0.603985
0.544105
0.673264
0.590188
0.567186
0.533716
0.670529
0.636147
0.648867
0.619435
0.645644
0.596198
0.600127
0.576286
0.528351
0.632982
0.559284
0.562108
0.602077
0.610236
0.548344
0.633520
0.599929
0.523283
0.626652
0.574690
0.613419
0.609786
0.635563
0.527195
0.625475
0.558655
0.632633
0.549242
0.543079
0.608489
0.575629
0.616953
0.656019
0.638505
0.555169
0.655981
0.502028
0.609510
0.603010
0.588487
0.613951
0.645654
0.618417
0.540337
0.552982
0.652396
0.610987
0.584060
0.587037
0.588864
0.583013
0.580189
0.546329
0.596963
0.655694
0.554573
0.574835
0.613268
0.584648
0.652022
0.641914
0.587372
0.595315
0.596112
0.635879
0.557806
0.562247
0.608138
0.647358
0.530648
0.573428
0.566361
0.523513
0.490731
0.556681
0.563316
0.522013
0.539189
0.616508
0.624696
0.606586
0.575003
0.605027
0.652082
0.592143
0.666836
0.524703
0.519981
0.644336
0.532766
0.561625
0.589167
0.590329
0.596358
0.623602
0.635890
0.618719
0.648254
0.568549
0.556115
0.681082
0.592396
0.599994
0.576143
0.562532
0.592151
0.683723
0.551609
0.589579
0.555795
0.614952
0.529022
0.591148
0.512015
0.543157
0.613903
0.593974
0.620804
0.620049
0.607907
0.658000
0.554433
0.606405
0.605628
0.560544
0.548965
0.622536
0.675365
0.573236
0.555995
0.597314
0.576877
0.629200
0.569932
0.644017
0.668937
0.589733
0.560693
0.519669
0.583552
0.596730
0.614371
0.654959
0.533514
0.583135
0.608078
0.561696
0.551947
0.597892
0.569149
0.593253
0.565461
0.569184
0.595447
0.594872
0.589840
0.531726
0.561482
0.662286
0.604461
0.554307
0.539314
0.582838
0.551358
0.563780
0.638213
0.584361
0.564397
0.588793
0.572532
0.584917
0.624115
0.575736
0.558280
0.574439
0.593350
0.638101
0.476150
0.602422
0.610841
0.555340
0.627952
0.553226
0.564350
0.554987
0.518060
0.624035
0.679270
0.584804
0.626030
0.614396
0.557447
0.537872
0.608465
0.594310
0.578710
0.571852
0.599655
0.541064
0.611131
0.672845
0.581574
0.599922
0.625530
0.519279
0.506688
0.583090
0.610963
0.642729
0.552186
0.593012
0.584410
0.646512
0.637923
0.561565
0.595055
0.579617
0.564250
0.642951
0.622710
0.518103
0.569874
0.616895
0.538905
0.599045
0.560421
0.600495
0.597013
0.625504
0.677369
0.656515
0.633967
0.655098
0.570398
0.668087
0.545186
0.622935
0.541291
0.601521
0.644128
0.587951
0.541735
0.625613
0.587736
0.604198
0.564359
0.579279
0.590019
0.586524
0.517984
0.476936
0.596263
0.573863
0.621107
0.599022
0.602086
0.606143
0.610342
0.621647
0.562519
0.603448
0.593129
0.687965
0.558927
0.672755
0.631855
0.608911
0.573794
0.555948
0.540399
0.605637
0.618948
0.538222
0.600621
0.491002
0.591968
0.685965
0.565734
0.562144
0.556984
0.617583
0.481566
0.572043
0.547677
0.579238
0.537796
0.551860
0.640497
0.564808
0.523761
0.621243
0.603194
0.501950
0.636405
0.649504
0.611084
0.569066
0.569014
0.526358
0.588109
0.641210
0.615559
0.565479
0.539958
0.579350
0.537255
0.591198
0.613117
0.589886
0.597929
0.605677
0.574179
0.651204
0.566935
0.636802
0.646518
0.553157
0.566499
0.604013
0.607653
0.517431
0.633068
0.639039
0.562893
0.538517
0.619274
0.619373
0.568973
0.569086
0.562928
0.577805
0.580717
0.579956
0.657730
0.529381
0.624338
0.578214
0.670741
0.547374
0.539748
0.572786
0.599193
0.563943
0.581569
0.669222
0.491154
0.609185
0.635955
0.580498
0.586953
0.612251
0.647329
0.677305
0.596604
0.598783
0.549909
0.609675
0.611575
0.553891
0.546929
0.573515
0.565781
0.607928
0.623128
0.588062
0.606023
0.567118
0.571932
0.571795
0.637740
0.634078
0.553356
0.590218
0.557063
0.572006
0.661806
0.583083
0.583222
0.567910
0.613427
0.597266
0.553417
0.605724
0.605518
0.592852
0.658992
0.601952
0.603410
0.621917
0.514185
0.658901
0.648541
0.606795
0.578264
0.620325
0.667226
0.602329
0.589912
0.580645
0.575481
0.538997
0.594437
0.612617
0.593176
0.622149
0.594037
0.657452
0.634363
0.490218
0.564564
0.595253
0.589633
0.503420
0.507932
0.533017
0.659190
0.621272
0.587825
0.588183
0.580727
0.644579
0.612509
0.616966
0.585770
0.550598
0.629671
0.606763
0.595850
0.531813
0.612344
0.559866
0.590291
0.600493
0.492504
0.608410
0.584445
0.586956
0.551176
0.609187
0.538190
0.597485
0.580067
0.582439
0.614079
0.565833
0.514168
0.551375
0.665881
0.547626
0.577903
0.552539
0.612801
0.649920
0.581143
0.658228
0.676775
0.589795
0.595707
0.594459
0.615746
0.615860
0.578364
0.642820
0.663263
0.550959
0.595953
0.604984
