0.344374
0.569321
0.535167
0.406979
0.522827
0.709041
0.425972
0.494864
0.688447
0.314316
0.352424
0.339556
0.500258
0.837774
0.342711
0.610169
0.333477
0.500199
0.709026
0.542680
0.785094
0.485652
0.788173
0.594017
0.556412
0.726746
0.693436
0.798489
0.681342
0.665166
0.596543
0.744555
0.567118
0.775171
0.523910
0.805656
0.655786
0.470601
0.592793
0.680251
0.790634
0.510447
0.594407
0.446161
0.686535
0.768299
0.358485
0.622499
0.875801
0.529037
0.293770
0.535257
0.437158
0.488991
0.620755
0.580329
0.834688
0.699213
0.562769
0.639950
0.527915
0.238363
0.430346
0.571256
0.762937
0.610719
0.583438
0.622011
0.477634
0.641259
0.510636
0.537663
0.533932
0.506979
0.554593
0.485422
0.523674
0.467047
0.799507
0.706438
0.729569
0.628989
0.515158
0.840421
0.886568
0.553738
0.556035
0.508788
0.373060
0.624201
0.567510
0.680444
0.586907
0.305718
0.357389
0.200897
0.299721
0.451186
0.703368
0.723702
0.640663
0.705943
0.271771
0.591125
0.839843
0.705133
0.520957
0.541952
0.383517
0.538164
0.769290
0.762944
0.404656
0.712760
0.437845
0.735023
0.235023
0.735023
0.653333
0.533504
0.896303
0.564971
0.533790
0.365517
0.685190
0.707873
0.593324
0.465578
0.325604
0.636642
0.751964
0.707438
0.682806
0.337004
0.704661
0.782000
0.721138
0.788420
0.827270
0.399070
0.536595
0.613700
0.682839
0.390744
0.732459
0.489263
0.292346
0.747767
0.741518
0.767370
0.864268
0.514620
0.740407
0.264232
0.753521
0.746688
0.531568
0.870715
0.559617
0.596053
0.825869
0.378788
0.530374
0.644782
0.629765
0.449057
0.462319
0.584444
0.790677
0.290677
0.727651
0.770798
0.270798
0.416550
0.781809
0.641220
0.938317
0.704865
0.729061
0.680502
0.717257
0.387492
0.417354
0.719954
0.578191
0.661639
0.811902
0.753797
0.684813
0.785872
0.665699
0.503790
0.614272
0.576224
0.496453
0.389764
0.681027
0.581668
0.469203
0.313426
0.667399
0.637271
0.896627
0.396627
0.619718
0.314886
0.400730
0.716561
0.301440
0.662401
0.555304
0.269701
0.732563
0.612333
0.745543
0.593387
0.681189
0.445730
0.701620
0.606416
0.541020
0.593925
0.794283
0.469728
0.584818
0.541544
0.455481
0.752045
0.475877
0.366984
0.514115
0.351556
0.563505
0.386715
0.387428
0.635810
0.212557
0.637838
0.221098
0.721098
0.650479
0.634343
0.459823
0.447198
0.597042
0.635750
0.556119
0.268609
0.411265
0.337921
0.501683
0.501360
0.669581
0.655463
0.677972
0.368758
0.433126
0.410631
0.734483
0.486900
0.730771
0.585574
0.643554
0.727805
0.482993
0.526485
0.581795
0.609635
0.581669
0.358572
0.440685
0.639139
0.482733
0.678700
0.852993
0.702703
0.562925
0.588179
0.814784
0.770995
0.780446
0.293121
0.346654
0.846654
0.525346
0.785597
0.381123
0.710126
0.696319
0.359405
0.841060
0.430716
0.536167
0.584483
0.360833
0.306265
0.552468
0.624099
0.446881
0.574402
0.683176
0.281886
0.402774
0.693216
0.721156
0.356009
0.224630
0.645903
0.668329
0.668774
0.911776
0.631029
0.746480
0.337841
0.644662
0.633865
0.634320
0.536031
0.600954
0.482759
0.384584
0.693935
0.427678
0.459572
0.864857
0.514098
0.712730
0.636226
0.827852
0.707993
0.578186
0.553596
0.446815
0.604494
0.602512
0.570300
0.326888
0.603177
0.572487
0.359541
0.413932
0.439805
0.535776
0.380510
0.733514
0.649054
0.373086
0.500810
0.802697
0.591026
0.674174
0.837215
0.699069
0.586556
0.726900
0.487417
0.477311
0.280245
0.551818
0.401616
0.420409
0.305584
0.419866
0.710547
0.479481
0.495139
0.636619
0.424982
0.634763
0.709450
0.759023
0.350045
0.381187
0.776423
0.652954
0.413934
0.151206
0.248968
0.716374
0.384572
0.464402
0.527334
0.418785
0.122953
0.242773
0.644544
0.289491
0.705191
0.506017
0.649696
0.682512
0.893641
0.727798
0.336376
0.468741
0.511359
0.620836
0.503111
0.611056
0.715417
0.787919
0.538048
0.342071
0.751467
0.749411
0.605192
0.587718
0.588311
0.621374
0.462498
0.910971
0.553889
0.460529
0.314027
0.695829
0.312075
0.592946
0.723031
0.771318
0.548160
0.753830
0.661561
0.695665
0.641291
0.357840
0.519266
0.528600
0.771308
0.549696
0.528794
0.586119
0.789508
0.597588
0.557600
0.459362
0.802807
0.309626
0.427012
0.408158
0.544957
0.687160
0.437316
0.514361
0.396165
0.546213
0.442259
0.347724
0.782176
0.568789
0.649827
0.420269
0.614607
0.648865
0.580420
0.604036
0.443389
0.436579
0.607179
0.347995
0.831636
0.614160
0.839898
0.768521
0.628576
0.684660
0.756418
0.814912
0.642374
0.541396
0.441300
0.739973
0.462534
0.789472
0.289473
0.605166
0.151692
0.651692
0.425732
0.779765
0.350230
0.434975
0.684562
0.520260
0.538507
0.387249
0.470035
0.371357
0.596579
0.354450
0.374136
0.620829
0.510805
0.706746
0.648742
0.450737
0.636322
0.740622
0.588001
0.890569
0.479421
0.849610
0.349610
0.611284
0.435061
0.699884
0.378424
0.656165
0.494555
0.579913
0.688506
0.731137
0.600226
0.668070
0.558072
0.668848
0.651118
0.584025
0.371762
0.640878
0.225906
0.497981
0.727109
0.543144
0.630129
0.647121
0.756297
0.429582
0.676144
0.712918
0.666052
0.918265
0.646201
0.424791
0.734168
0.660708
0.489715
0.808634
0.528611
0.430868
0.497355
0.508335
0.493881
0.589520
0.414278
0.367333
0.460283
0.291711
0.571792
0.358246
0.858246
0.543282
0.309642
0.805284
0.757641
0.511758
0.593758
0.599754
0.618895
0.662963
0.792436
0.478988
0.449903
0.425667
0.725373
0.801339
0.519648
0.553583
0.669711
0.786431
0.666422
0.656839
0.477778
0.338476
0.740412
0.360312
0.361143
0.497663
0.676378
0.738844
0.507721
0.467968
0.461803
0.659651
0.559364
0.517558
0.611590
0.779803
0.591041
0.357380
0.439584
0.639892
0.535652
0.472558
0.558278
0.378091
0.644842
0.703828
0.612862
0.919831
0.419831
0.342194
0.168633
0.541144
0.245914
0.629328
0.618424
0.817431
0.635227
0.654386
0.461836
0.615201
0.274434
0.755938
0.618116
0.848051
0.673764
0.590483
0.439451
0.704383
0.598803
0.622134
0.555092
0.411273
0.607127
0.389840
0.414907
0.493172
0.745776
0.245777
0.530388
0.526838
0.306962
0.704305
0.501696
0.418316
0.465922
0.440400
0.858650
0.358651
0.543559
0.597660
0.450514
0.518734
0.563290
0.730000
0.508060
0.732883
0.508027
0.632963
0.601471
0.551301
0.343755
0.429244
0.657900
0.510103
0.763082
0.582490
0.654943
0.482365
0.584064
0.417806
0.455877
0.480256
0.576620
0.471756
0.773706
0.795094
0.440246
0.747935
0.476902
0.569775
0.416024
0.771138
0.365948
0.492410
0.583482
0.450147
0.773843
0.469785
0.671795
0.593106
0.632256
0.794697
0.734677
0.522694
0.837423
0.774981
0.538408
0.581678
0.727248
0.635647
0.419478
0.560692
0.626140
0.691237
0.405304
0.581067
0.593374
0.847114
0.674903
0.675279
0.776757
0.344101
0.418331
0.688750
0.732753
0.384034
0.338298
0.801604
0.688756
0.632441
0.707489
0.380520
0.486837
0.524385
0.685286
0.415802
0.449314
0.692769
0.900784
0.400785
0.868578
0.662326
0.675387
0.651046
0.822265
0.726384
0.249179
0.436987
0.615777
0.352544
0.527875
0.454160
0.531313
0.715059
0.469260
0.740398
0.467473
0.425846
0.546148
0.462327
0.512573
0.491354
0.730453
0.363411
0.506930
0.657178
0.770051
0.310236
0.486668
0.728615
0.743373
0.572464
0.760874
0.260874
0.504576
0.565914
0.457861
0.455615
0.356923
0.385320
0.721462
0.501339
0.408102
0.898168
0.851353
0.524211
0.446979
0.478206
0.267968
0.738291
0.653488
0.685492
0.318001
0.597175
0.776537
0.688010
0.530898
0.570961
0.535036
0.322256
0.485678
0.414835
0.741560
0.274642
0.556882
0.352121
0.728298
0.595254
0.483080
0.530377
0.675022
0.536928
0.743092
0.769285
0.574853
0.498122
0.540989
0.520388
0.541730
0.555841
0.609586
0.705728
0.622645
0.691747
0.399955
0.437808
0.431731
0.530352
0.633093
0.530642
0.298676
0.202079
0.514432
0.390394
0.647329
0.607300
0.476852
0.669595
0.679572
0.696638
0.723168
0.451425
0.753841
0.500306
0.506965
0.493122
0.652617
0.539101
0.295033
0.487936
0.442657
0.293747
0.506906
0.756919
0.338898
0.786014
0.570052
0.354543
0.353533
0.763478
0.621209
0.675235
0.644890
0.678300
0.661723
0.528010
0.413231
0.386650
0.491186
0.646374
0.388136
0.382910
0.364731
0.383050
0.561783
0.602601
0.640750
0.775561
0.611977
0.787816
0.505689
0.432111
0.606522
0.680546
0.562826
0.423831
0.694563
0.621896
0.368108
0.341444
0.766578
0.704502
0.619459
0.377138
0.403414
0.736026
0.536736
0.793786
0.495405
0.725611
0.396913
0.593805
0.516425
0.750359
0.548330
0.448678
0.794590
0.622933
0.685868
0.624485
0.447974
0.659748
0.839713
0.592626
0.715337
0.361393
0.613960
0.559063
0.294561
0.267092
0.470660
0.190750
0.477008
0.704113
0.236659
0.434407
0.686339
0.487820
0.491244
0.277714
0.683733
0.538998
0.477941
0.530270
0.776730
0.656000
0.700083
0.844234
0.344234
0.567894
0.834876
0.705643
0.684457
0.451751
0.672311
0.889358
0.394629
0.470401
0.717403
0.407921
0.434869
0.457600
0.752506
0.602619
0.537411
0.845724
0.587415
0.706569
0.674256
0.695832
0.458808
0.631078
0.605536
0.639437
0.576859
0.638211
0.454168
0.444580
0.451874
0.741720
0.650442
0.201324
0.586404
0.630349
0.640511
0.513015
0.563041
0.720920
0.257691
0.535478
0.640592
0.735016
0.597642
0.541966
0.695754
0.406026
0.455262
0.704271
0.286064
0.522960
0.481781
0.447622
0.424058
0.427589
0.369156
0.415658
0.409331
0.504740
0.589749
0.531809
0.495378
0.274483
0.265442
0.544411
0.479576
0.615969
0.676368
0.463850
0.550858
0.528630
0.497929
0.471987
0.481436
0.698411
0.700446
0.674516
0.830648
0.728138
0.525199
