0.581191
0.596917
0.604383
0.633919
0.601491
0.590414
0.573352
0.596079
0.593836
0.625293
0.589035
0.614598
0.593703
0.584329
0.605463
0.598825
0.597887
0.597684
0.545423
0.601689
0.612404
0.566244
0.589662
0.598117
0.591664
0.590291
0.609580
0.588021
0.590652
0.600181
0.590664
0.588165
0.591955
0.585652
0.593715
0.598267
0.598550
0.604510
0.590058
0.605455
0.582871
0.590671
0.592406
0.599341
0.596642
0.580129
0.596679
0.591072
0.569457
0.609687
0.625165
0.593696
0.582287
0.597939
0.572160
0.588603
0.610178
0.576584
0.569040
0.577206
0.606763
0.597014
0.595214
0.574533
0.595653
0.590560
0.602083
0.590580
0.593260
0.575132
0.588529
0.597756
0.589526
0.600880
0.596015
0.621182
0.601509
0.590831
0.611013
0.593871
0.580266
0.601328
0.594465
0.594389
0.593301
0.622153
0.582071
0.609795
0.582017
0.605986
0.588966
0.580009
0.595692
0.610088
0.587704
0.595062
0.598542
0.600650
0.568763
0.575348
0.591094
0.585593
0.613573
0.587307
0.581881
0.607368
0.597633
0.609865
0.584230
0.583079
0.585186
0.607717
0.574303
0.601800
0.621614
0.588612
0.574862
0.584379
0.564864
0.576628
0.577779
0.582484
0.579289
0.580845
0.602105
0.574173
0.618371
0.580297
0.589776
0.580177
0.601593
0.588437
0.576309
0.593657
0.583565
0.574455
0.598493
0.601307
0.633931
0.600327
0.598730
0.577204
0.601486
0.608716
0.594738
0.578515
0.610481
0.608131
0.599831
0.590999
0.592168
0.611827
0.585690
0.590577
0.595715
0.567163
0.607693
0.588307
0.590341
0.580758
0.580256
0.589643
0.606128
0.581316
0.598025
0.566335
0.601431
0.564616
0.560386
0.608467
0.583889
0.588441
0.582615
0.564731
0.576078
0.584712
0.591907
0.590829
0.611388
0.593952
0.586125
0.601666
0.586660
0.604349
0.573204
0.593967
0.617192
0.603503
0.580939
0.574661
0.603863
0.603881
0.612716
0.605580
0.588649
0.594388
0.604075
0.603990
0.600195
0.589849
0.585364
0.589550
0.588161
0.597688
0.599803
0.595758
0.583950
0.590745
0.593235
0.596297
0.556115
0.568549
0.612522
0.582761
0.592134
0.589849
0.575664
0.582793
0.600999
0.603826
0.572309
0.592114
0.592971
0.607857
0.584300
0.605014
0.581153
0.569913
0.592831
0.599651
0.617130
0.581750
0.579913
0.588627
0.589884
0.580060
0.596716
0.604012
0.620377
0.603833
0.590672
0.601155
0.564332
0.621999
0.580561
0.587493
0.590943
0.589940
0.591152
0.590575
0.594217
0.594627
0.588587
0.594607
0.579722
0.613382
0.588237
0.604850
0.587042
0.614497
0.583930
0.585656
0.577762
0.591036
0.597370
0.595982
0.579430
0.588696
0.596782
0.601863
0.571300
0.592168
0.606124
0.620246
0.605470
0.564364
0.591815
0.597548
0.577381
0.584049
0.595272
0.615177
0.588938
0.600500
0.594497
0.603817
0.588504
0.602348
0.577870
0.596706
0.574116
0.617944
0.595861
0.585956
0.571340
0.585363
0.581453
0.590668
0.597614
0.576632
0.595036
0.602308
0.593592
0.595630
0.583353
0.590973
0.598670
0.595800
0.575944
0.596835
0.602632
0.575572
0.596607
0.588189
0.566627
0.616448
0.613696
0.598631
0.573566
0.600178
0.590376
0.601377
0.599741
0.609114
0.612062
0.593625
0.601741
0.599245
0.572992
0.583364
0.582684
0.583212
0.587547
0.623878
0.580363
0.601537
0.585845
0.605144
0.613486
0.603093
0.603656
0.596361
0.591429
0.576604
0.603704
0.603728
0.585129
0.586969
0.579502
0.598665
0.579597
0.589963
0.593647
0.584650
0.594656
0.584955
0.571881
0.564599
0.595869
0.586872
0.584875
0.594842
0.586082
0.595249
0.602227
0.582094
0.611718
0.564205
0.595382
0.585944
0.569508
0.576927
0.601193
0.598452
0.598656
0.620391
0.586784
0.596410
0.602751
0.582517
0.617428
0.611695
0.609021
0.603079
0.595970
0.590020
0.590238
0.601386
0.574572
0.575206
0.573839
0.564150
0.599049
0.620724
0.592009
0.604216
0.599716
0.598946
0.592761
0.596063
0.598444
0.595218
0.596665
0.589959
0.598768
0.591143
0.592285
0.599650
0.603324
0.607704
0.589633
0.591507
0.556963
0.610142
0.582407
0.601256
0.593019
0.585052
0.604600
0.610449
0.600145
0.570909
0.613524
0.611527
0.620070
0.583729
0.611004
0.595691
0.576208
0.598673
0.610058
0.624565
0.608881
0.595952
0.583805
0.588543
0.593058
0.594024
0.614275
0.610744
0.589987
0.583642
0.597773
0.603125
0.592115
0.575866
0.588004
0.598875
0.590329
0.589222
0.590044
0.587204
0.596879
0.599566
0.577039
0.600056
0.563087
0.572928
0.598468
0.590255
0.585026
0.611716
0.589716
0.609308
0.595684
0.599620
0.596035
0.580458
0.601890
0.615416
0.590930
0.583503
0.608220
0.582831
0.549370
0.596060
0.610814
0.572206
0.590117
0.606730
0.605854
0.612896
0.592618
0.603440
0.585389
0.601466
0.571662
0.572342
0.588443
0.587584
0.585944
0.601763
0.603503
0.579304
0.574653
0.582742
0.558042
0.576760
0.588486
0.608391
0.582537
0.591543
0.593991
0.582176
0.591803
0.596523
0.571704
0.593095
0.578279
0.591766
0.616472
0.590102
0.582489
0.594423
0.597248
0.593862
0.603535
0.597048
0.588085
0.602635
0.590382
0.619300
0.582127
0.587136
0.576342
0.583797
0.587868
0.587027
0.589560
0.601910
0.595578
0.602551
0.576480
0.595953
0.582195
0.581139
0.607423
0.582149
0.563974
0.588328
0.582961
0.602732
0.577059
0.613837
0.604100
0.599474
0.586602
0.592793
0.588548
0.589135
0.588025
0.599677
0.591197
0.572403
0.595831
0.592216
0.572535
0.590296
0.593427
0.592642
0.602126
0.602147
0.575857
0.586080
0.580920
0.567845
0.589923
0.606248
0.602901
0.609509
0.601722
0.591372
0.596294
0.602299
0.574081
0.587898
0.581663
0.614550
0.615521
0.595807
0.601878
0.595287
0.605175
0.604405
0.593776
0.612602
0.565692
0.596370
0.598358
0.561903
0.581942
0.621283
0.580906
0.603397
0.601215
0.604305
0.614813
0.597178
0.577063
0.591802
0.561691
0.576665
0.576718
0.600304
0.590065
0.582808
0.614758
0.597136
0.574079
0.592191
0.593057
0.591718
0.598403
0.593913
0.576780
0.583167
0.589071
0.605561
0.595909
0.612772
0.574335
0.597638
0.556302
0.602770
0.607990
0.599182
0.575960
0.568596
0.614404
0.595039
0.580845
0.614596
0.588808
0.579943
0.591257
0.583714
0.584816
0.598052
0.588613
0.583211
0.610900
0.587840
0.603077
0.595261
0.603076
0.547478
0.586372
0.579396
0.595656
0.606461
0.607744
0.580302
0.575577
0.605324
0.610601
0.587354
0.615035
0.584528
0.594459
0.602109
0.581111
0.617001
0.566198
0.600391
0.592357
0.578682
0.579369
0.587296
0.598082
0.590359
0.589131
0.570281
0.583410
0.589428
0.592350
0.593607
0.604828
0.621816
0.591762
0.589511
0.560376
0.585536
0.588602
0.574649
0.610248
0.592442
0.586337
0.619077
0.600135
0.595347
0.629458
0.586107
0.596697
0.607671
0.600291
0.573131
0.584671
0.598155
0.623877
0.579517
0.599864
0.586739
0.586450
0.570932
0.614308
0.580390
0.579388
0.584994
0.593149
0.607286
0.588975
0.594847
0.599417
0.603004
0.574826
0.587149
0.600626
0.595121
0.574641
0.601885
0.572427
0.581387
0.626035
0.607765
0.581586
0.600195
0.607561
0.573217
0.592326
0.599936
0.595500
0.599709
0.556368
0.590837
0.600696
0.601518
0.598536
0.577261
0.599671
0.605466
0.615801
0.615594
0.604664
0.598516
0.592330
0.565817
0.578735
0.594454
0.583391
0.582992
0.602029
0.572338
0.580405
0.583089
0.594122
0.602728
0.582198
0.601789
0.600605
0.611280
0.594173
0.600289
0.593395
0.581278
0.595237
0.598575
0.590849
0.591429
0.579324
0.593607
0.596130
0.588917
0.593467
0.577791
0.592198
0.537224
0.594256
0.620488
0.583795
0.576591
0.593607
0.587053
0.586150
0.582204
0.595542
0.578258
0.572899
0.606043
0.584935
0.602551
0.571578
0.603706
0.582603
0.600237
0.605214
0.582373
0.604311
0.586321
0.603011
0.577051
0.580717
0.591630
0.585425
0.596448
0.587625
0.608422
0.611927
0.604435
0.606609
0.584415
0.608218
0.599678
0.576028
0.593665
0.593475
0.623379
0.539407
0.595752
0.613656
0.589209
0.604187
0.560834
0.587557
0.587399
0.602562
0.587773
0.567008
0.591567
0.589427
0.581642
0.600523
0.609387
0.594310
0.608105
0.600267
0.620968
0.600690
0.562381
0.575632
0.585110
0.559571
0.618482
0.580353
0.593260
0.580064
0.593654
0.583535
0.575418
0.598915
0.601181
0.596932
0.612796
0.596937
0.575744
0.592143
0.583321
0.594428
0.601208
0.600701
0.595830
0.600687
0.585791
0.582157
0.580032
0.603529
0.597392
0.604187
0.588401
0.586306
0.606713
0.616786
0.576418
0.594653
0.588115
0.584348
0.589853
0.597213
0.595688
0.564746
0.598117
0.574899
0.614246
0.582105
0.593949
0.604990
0.589697
0.608711
0.604032
0.598328
0.591206
0.597517
0.590814
0.591179
0.616797
0.606785
0.589931
0.579957
0.596839
0.593681
0.604824
0.588657
0.572175
0.615398
0.606819
0.592387
0.573091
0.592758
0.587799
0.603985
0.595040
0.561492
0.593106
0.590674
0.596974
0.596387
0.565546
0.595600
0.605612
0.591372
0.604741
0.574989
0.579037
0.567005
0.594561
0.619621
0.592422
0.593304
0.582849
0.578107
0.588893
0.629624
0.596523
0.580452
0.613919
0.596645
0.586876
0.577122
0.579752
0.584287
0.603561
0.608545
0.583405
0.580909
0.588655
0.600947
0.635055
0.600213
0.598701
0.591152
0.599552
0.590964
0.575681
0.584452
0.595685
0.596383
0.615486
0.606929
0.573675
0.581410
0.581206
0.570206
0.603168
0.597918
0.593809
0.595809
0.589869
0.596307
0.590598
0.598715
0.617019
0.578833
0.579706
0.592151
0.583224
0.579808
0.578871
0.608082
0.608011
0.602744
0.574731
0.635509
0.604937
0.611158
0.586721
0.582086
0.571404
0.570544
0.583725
0.596824
0.586710
0.576963
0.574869
0.586614
0.615766
0.591372
0.601171
0.585684
0.612881
0.597493
0.593559
