0.580334
0.596492
0.587454
0.602064
0.588611
0.599443
0.584194
0.611371
0.592156
0.581492
0.594687
0.581199
0.593576
0.594372
0.593186
0.605120
0.591078
0.582785
0.599729
0.592442
0.595482
0.590796
0.593960
0.605110
0.594294
0.598713
0.592120
0.589438
0.588726
0.595254
0.596224
0.602179
0.598716
0.585758
0.585701
0.581961
0.597234
0.602576
0.579962
0.600831
0.585820
0.596541
0.584438
0.596763
0.594250
0.603261
0.610486
0.580433
0.597999
0.601284
0.587026
0.586728
0.606373
0.588354
0.592329
0.591023
0.599185
0.598202
0.613736
0.614129
0.593787
0.597703
0.585617
0.593951
0.590232
0.609194
0.593027
0.598358
0.607788
0.575643
0.599718
0.598093
0.601635
0.608250
0.582292
0.569768
0.596150
0.588775
0.594831
0.582140
0.582457
0.593401
0.596691
0.617580
0.585242
0.593786
0.594127
0.580726
0.586445
0.611467
0.588343
0.595135
0.596717
0.599409
0.600165
0.586206
0.595131
0.596529
0.588383
0.587157
0.597844
0.572269
0.590992
0.594176
0.602343
0.581403
0.593228
0.587679
0.582567
0.598361
0.583656
0.607858
0.592968
0.599976
0.592659
0.592710
0.572144
0.603795
0.598897
0.591245
0.588540
0.574026
0.571320
0.592184
0.595431
0.584608
0.571402
0.595443
0.591663
0.597982
0.612753
0.588814
0.601082
0.604879
0.572157
0.586816
0.598627
0.589515
0.602820
0.626301
0.605444
0.591523
0.593618
0.589758
0.592784
0.592814
0.610997
0.603137
0.588053
0.577656
0.595014
0.604755
0.608119
0.584259
0.588659
0.601421
0.592611
0.588858
0.591415
0.587519
0.596425
0.595189
0.598499
0.605438
0.594669
0.597248
0.582570
0.581438
0.597736
0.604128
0.592356
0.605469
0.590125
0.599354
0.587186
0.610191
0.576213
0.574740
0.604958
0.597940
0.575272
0.596615
0.593782
0.598852
0.589938
0.606525
0.587076
0.586598
0.589173
0.602292
0.590538
0.597941
0.595471
0.607151
0.585931
0.595997
0.598238
0.611813
0.581975
0.593919
0.586308
0.595752
0.603285
0.577792
0.602532
0.600331
0.593413
0.595622
0.598399
0.580068
0.588072
0.580148
0.598443
0.595351
0.592367
0.581724
0.600472
0.603872
0.581764
0.598174
0.589550
0.589619
0.584373
0.578988
0.593606
0.599561
0.599329
0.607397
0.592565
0.593343
0.594271
0.583127
0.592070
0.587765
0.603757
0.593979
0.583538
0.608646
0.600448
0.591792
0.603088
0.579676
0.601488
0.595630
0.603992
0.595396
0.583042
0.580795
0.564379
0.594945
0.574086
0.601827
0.593536
0.585140
0.614638
0.582726
0.587275
0.574907
0.587871
0.600719
0.588103
0.596282
0.605431
0.592694
0.582642
0.600640
0.575873
0.585297
0.599870
0.590096
0.598295
0.584188
0.599475
0.589609
0.592209
0.573206
0.583879
0.594901
0.596338
0.592525
0.601849
0.597347
0.596548
0.570524
0.585349
0.588250
0.593888
0.597100
0.576060
0.599150
0.588546
0.596917
0.591845
0.595620
0.594957
0.606862
0.595224
0.589979
0.584371
0.604025
0.602480
0.597580
0.594864
0.570573
0.606184
0.591142
0.599032
0.591203
0.614846
0.585423
0.591996
0.577957
0.595248
0.598884
0.594042
0.586648
0.590406
0.591368
0.589770
0.591798
0.580583
0.613472
0.603207
0.610495
0.576875
0.593073
0.616115
0.598706
0.596180
0.586541
0.593089
0.583605
0.603397
0.607857
0.594772
0.590549
0.601716
0.572707
0.590153
0.575888
0.601336
0.589732
0.602395
0.592074
0.599617
0.578595
0.596135
0.588346
0.592819
0.626861
0.593564
0.599644
0.578225
0.594263
0.588878
0.572453
0.594800
0.585208
0.588158
0.608755
0.588710
0.593781
0.596056
0.579439
0.574295
0.583886
0.599681
0.599508
0.569878
0.586393
0.569656
0.594173
0.602306
0.595997
0.585921
0.593737
0.598855
0.571341
0.583857
0.588372
0.602171
0.593934
0.590357
0.590386
0.588457
0.602834
0.580863
0.591124
0.601194
0.609858
0.571972
0.608080
0.601805
0.588213
0.578811
0.588214
0.592758
0.581331
0.570724
0.586121
0.589904
0.602615
0.600495
0.601630
0.599209
0.601736
0.595245
0.559395
0.584402
0.584959
0.590299
0.588465
0.579159
0.599856
0.585451
0.605789
0.587718
0.596737
0.588607
0.594926
0.582336
0.601104
0.599006
0.574486
0.593189
0.615035
0.594320
0.600743
0.591184
0.593892
0.590709
0.595076
0.594880
0.579142
0.614287
0.588203
0.599840
0.585773
0.593915
0.589068
0.590355
0.598803
0.598876
0.597351
0.599595
0.577645
0.603954
0.588908
0.584688
0.594609
0.585639
0.592031
0.604105
0.586789
0.587258
0.583891
0.596549
0.588788
0.612253
0.593842
0.587164
0.584983
0.582411
0.592406
0.577419
0.597989
0.610202
0.601395
0.585994
0.600258
0.590210
0.598255
0.581860
0.597923
0.583234
0.596602
0.601764
0.599216
0.604656
0.595774
0.601704
0.606807
0.591869
0.593019
0.586762
0.594754
0.599816
0.599999
0.601289
0.583841
0.586903
0.589200
0.586513
0.600224
0.586995
0.599955
0.591414
0.583189
0.600448
0.587918
0.598466
0.615333
0.583640
0.590938
0.576163
0.595504
0.584488
0.593396
0.588668
0.598617
0.605161
0.579720
0.593588
0.615979
0.568950
0.588483
0.594894
0.585880
0.589929
0.590776
0.597336
0.594474
0.571550
0.591869
0.579958
0.593499
0.593468
0.586413
0.607456
0.606675
0.602245
0.599472
0.571760
0.602287
0.591369
0.594896
0.597691
0.578863
0.574678
0.590602
0.578456
0.602361
0.587238
0.618698
0.592165
0.578398
0.590298
0.600214
0.588853
0.568315
0.582532
0.580752
0.612346
0.590343
0.599226
0.599433
0.595430
0.605725
0.592873
0.597393
0.592248
0.581644
0.579705
0.600904
0.604721
0.596371
0.604694
0.588424
0.591622
0.627844
0.603236
0.605083
0.599411
0.593202
0.590050
0.595420
0.574994
0.613564
0.596562
0.583441
0.593209
0.578471
0.592425
0.593202
0.608097
0.603106
0.583355
0.591164
0.596861
0.608088
0.600173
0.598921
0.568098
0.598916
0.589919
0.596644
0.582613
0.580130
0.603451
0.598743
0.587830
0.574101
0.590500
0.587255
0.609961
0.593233
0.598245
0.610183
0.594675
0.590682
0.587694
0.568585
0.599484
0.599438
0.601116
0.584328
0.574269
0.584031
0.584388
0.595607
0.592103
0.596090
0.592330
0.590590
0.596019
0.592274
0.578899
0.593422
0.582183
0.594572
0.590702
0.583437
0.601649
0.587910
0.591651
0.579160
0.603266
0.602293
0.599681
0.583360
0.580299
0.591024
0.604172
0.587546
0.584696
0.593794
0.580353
0.580224
0.611950
0.578595
0.596153
0.584439
0.576528
0.591309
0.585285
0.597877
0.592904
0.588211
0.594787
0.577396
0.593835
0.600177
0.592051
0.591902
0.605010
0.597139
0.598145
0.593328
0.596135
0.604007
0.580945
0.606776
0.601504
0.581782
0.594283
0.569070
0.594306
0.582601
0.591854
0.597545
0.608465
0.584018
0.601016
0.586768
0.580273
0.599432
0.603625
0.581652
0.597368
0.579356
0.609906
0.584492
0.597223
0.613894
0.583121
0.578424
0.595449
0.584732
0.600129
0.589622
0.588420
0.594731
0.587438
0.604157
0.589467
0.597034
0.579369
0.593136
0.591912
0.620488
0.593297
0.610072
0.587654
0.597712
0.587520
0.586456
0.580120
0.590851
0.595989
0.579746
0.583137
0.604390
0.586622
0.582364
0.585895
0.594710
0.585447
0.597781
0.583190
0.580552
0.599504
0.596453
0.593638
0.589295
0.595280
0.585435
0.571306
0.606279
0.597616
0.589731
0.590618
0.600335
0.565310
0.586865
0.575717
0.593163
0.587519
0.596342
0.596830
0.585097
0.597623
0.582953
0.593301
0.593290
0.590997
0.589310
0.574802
0.597791
0.597064
0.592366
0.612215
0.600372
0.589802
0.599352
0.595666
0.616984
0.592553
0.589547
0.594490
0.572587
0.605173
0.603761
0.595377
0.588556
0.601298
0.595910
0.593971
0.618659
0.601409
0.603471
0.605509
0.600471
0.596426
0.607357
0.587988
0.605783
0.585665
0.583036
0.596049
0.601619
0.591903
0.574818
0.591581
0.573214
0.611660
0.592454
0.576780
0.603436
0.595588
0.593293
0.620502
0.599861
0.591034
0.585338
0.594708
0.593411
0.589628
0.607941
0.593561
0.584887
0.592510
0.588838
0.579234
0.584595
0.599774
0.589520
0.590482
0.586121
0.594985
0.590654
0.592286
0.585408
0.591027
0.588125
0.611041
0.590458
0.587270
0.597700
0.574442
0.598860
0.601811
0.584545
0.571219
0.604118
0.582531
0.578890
0.594332
0.576923
0.588304
0.606991
0.609411
0.597454
0.582255
0.607518
0.594084
0.606139
0.580858
0.583469
0.592787
0.598747
0.590402
0.598835
0.589560
0.584982
0.579790
0.583095
0.592055
0.593787
0.608379
0.583303
0.602842
0.616642
0.594778
0.596568
0.589806
0.575963
0.581480
0.599998
0.602468
0.599486
0.589926
0.590226
0.581398
0.596548
0.594004
0.607799
0.603686
0.604046
0.577435
0.601115
0.589401
0.599641
0.606056
0.599492
0.589499
0.595350
0.604875
0.601339
0.585819
0.602748
0.572829
0.598632
0.577549
0.596733
0.612086
0.609054
0.576339
0.595523
0.589822
0.610225
0.600502
0.593925
0.593316
0.607297
0.596099
0.596047
0.577661
0.582084
0.571573
0.597699
0.592100
0.593261
0.605500
0.592103
0.612082
0.588680
0.597345
0.598626
0.590604
0.576501
0.591164
0.599952
0.576944
0.599431
0.604276
0.575598
0.578076
0.576859
0.592604
0.597723
0.611359
0.586704
0.574500
0.607617
0.576927
0.588712
0.596124
0.589668
0.590016
0.583905
0.598462
0.605211
0.592326
0.582111
0.603441
0.598860
0.594043
0.599048
0.593926
0.595228
0.589223
0.599884
0.592385
0.597555
0.596802
0.594800
0.601522
0.581978
0.587631
0.585361
0.596117
0.582829
0.589374
0.598571
0.583583
0.590656
0.588557
0.589583
0.595595
0.608312
0.614396
0.610885
0.611297
0.583391
0.574428
0.589900
0.582182
0.600179
0.603006
0.590098
0.605057
0.576260
0.608051
0.586532
0.589680
0.588410
0.592130
0.594923
0.599988
0.580904
0.594948
0.596314
0.595719
0.593492
0.592039
0.601326
0.586875
0.583539
0.603915
0.593142
0.598964
0.599844
0.577794
0.606444
0.603616
0.603969
0.588768
0.577850
0.600532
0.604649
0.590706
0.591809
0.604527
0.600197
0.592899
0.600437
0.604417
0.582871
0.581875
0.606273
0.594160
0.595980
0.601734
0.591168
0.598039
0.592759
0.592674
0.597948
0.591287
0.604420
0.595527
0.591480
0.598154
0.588433
0.587587
0.592615
0.582069
0.598433
0.593307
0.593024
0.577770
0.602513
0.580245
0.573670
0.587108
0.601601
0.599667
0.573227
0.595021
0.580883
0.593641
0.588414
0.588076
0.595754
0.590922
0.586894
0.593158
0.582707
0.580686
0.586445
0.598079
0.603333
0.606117
0.596279
0.592079
0.575881
0.599541
0.613482
0.588960
0.594953
0.613752
0.600745
0.589399
0.593936
0.600302
0.591751
0.598200
0.589824
0.594138
0.600168
0.602755
0.591411
0.605563
0.584342
0.579495
0.597477
0.589585
0.582726
0.572193
0.607088
0.593031
0.604655
0.592043
0.603127
0.601844
0.601773
0.595225
0.597241
0.594561
0.587890
0.591710
0.613343
0.605385
0.588781
0.570158
0.601705
0.592405
0.597755
0.585358
0.602055
0.585608
0.600018
0.574912
0.578776
0.602252
0.590297
0.586178
0.579125
0.584536
0.595884
0.563282
0.593858
0.599992
0.594148
0.587776
0.605223
0.578459
0.598465
0.593553
0.589362
0.589962
0.589229
0.595439
0.607079
0.578671
0.588677
0.595074
0.616932
0.602426
0.602787
0.598212
0.592476
0.591507
0.598134
0.603117
0.597375
0.583489
0.570921
0.596639
0.579760
0.590342
0.591271
0.588998
0.589258
0.581806
0.594594
0.584410
0.605577
0.603145
0.598403
0.584218
0.583819
0.585207
0.616228
0.601995
0.599784
0.593743
0.609370
0.583338
0.601459
0.599034
0.579039
0.579194
0.572578
0.606857
0.601428
0.585834
0.606711
0.609737
0.614431
0.583563
0.588240
0.598987
0.603933
0.595583
0.585610
0.589657
0.584950
0.595436
0.590619
0.599402
0.587571
0.594104
0.564148
0.601173
0.591842
0.569600
0.581604
0.594587
0.593030
0.569866
0.582253
0.603329
0.595294
0.569894
0.594920
0.582196
0.580127
0.582216
0.601715
0.592917
0.593446
0.586698
0.600273
0.576427
0.584166
0.597458
0.608650
0.596024
0.590796
0.577199
0.603096
0.586294
0.571271
0.589658
0.593375
0.607069
0.605586
0.607545
0.589087
0.589343
0.582415
0.602776
0.597041
0.611437
0.604051
0.573651
0.594236
0.599905
0.592957
0.590284
0.599174
0.595473
0.593980
0.590233
0.597057
0.579719
0.584648
0.599122
0.601859
0.609290
0.587262
0.610811
0.607705
0.601867
0.611239
0.592716
0.582851
0.582447
0.591188
0.589955
0.586796
0.575558
0.607137
0.610898
0.596813
0.612547
0.589595
0.577021
0.583473
0.590039
0.591095
0.597071
0.589215
0.587914
0.591148
0.595102
0.584582
0.600365
0.610682
0.590591
0.590324
0.607033
0.596198
0.590118
0.582881
0.605043
0.610976
0.575277
0.599202
0.590386
0.594891
0.570995
0.582285
0.599474
0.580693
0.589160
0.592971
0.587115
0.586597
0.587994
0.606414
0.597402
0.600481
0.591541
0.597221
0.587290
0.579691
0.584198
0.587103
0.598559
0.609726
0.590618
0.594751
0.583247
0.588035
0.599557
0.597109
0.604688
0.595008
0.605028
0.591726
0.587373
0.601883
0.584354
0.597419
0.600713
0.595566
0.586774
0.589710
0.588979
0.584426
0.596308
0.594692
0.598267
0.580626
0.591481
0.593018
0.592069
0.582980
0.584569
0.592158
0.581253
0.584501
0.567609
0.606191
0.590424
0.593334
0.581932
0.586434
0.587559
0.590078
0.599434
0.595092
0.593466
0.586596
0.598895
0.579612
0.596532
0.594168
0.601335
0.606318
0.592252
0.598779
0.593952
0.587293
0.595536
0.568581
0.582284
0.596631
0.591666
0.589311
0.591618
0.595184
0.579774
0.584010
0.598105
0.616115
0.581733
0.590820
0.585482
0.593781
0.594742
0.581129
0.577789
0.598565
0.601290
0.590397
0.581664
0.589085
0.584327
0.589893
0.591709
0.579310
0.594034
0.602948
0.592719
0.609974
0.565168
0.584029
0.596417
0.583632
0.601670
0.595476
0.594466
0.595504
0.577023
0.595918
0.593478
0.595992
0.591732
0.608640
0.578504
0.607702
0.586331
0.594744
0.578365
0.583712
0.600303
0.596044
0.582494
0.590379
0.588241
0.591253
0.608311
0.618014
0.598946
0.602048
0.590288
0.610237
0.592041
0.584877
0.594381
0.581409
0.593578
0.596390
0.594776
0.601102
0.600766
0.585335
0.599469
0.598490
0.605266
0.589762
0.576146
0.588264
0.576449
0.584732
0.582588
0.580490
0.592659
0.601613
0.576630
0.586626
0.587660
0.599857
0.589545
0.593311
0.591172
0.595043
0.591781
0.594007
0.594311
0.606131
0.599705
0.600371
0.586365
0.593667
0.590781
0.603331
0.582020
0.571866
0.585706
0.593991
0.584670
0.579799
0.588948
0.611692
0.570434
0.586191
0.582454
0.586146
0.575369
0.589207
0.597452
0.608403
0.597151
0.595652
0.593543
0.587335
0.605096
0.584752
0.577624
0.595676
0.591723
0.594232
0.615695
0.590826
0.580184
0.572827
0.596060
0.597471
0.607480
0.580216
0.591550
0.595703
0.602237
0.594018
0.597045
0.594851
0.597045
0.584616
0.591988
0.594796
0.596791
0.617782
0.588079
0.604643
0.586358
0.600941
0.595773
0.591050
0.588730
0.593166
0.590466
0.583401
0.587128
0.597596
0.588308
0.597040
0.600068
0.596669
0.582497
0.584217
0.587140
0.592663
0.589680
0.594530
0.609715
0.601162
0.589849
0.586440
0.584479
0.599188
0.594680
0.584497
0.603834
0.598540
0.593154
0.600109
0.593096
0.599965
0.601695
0.574520
0.592437
0.599030
0.595167
0.592224
0.591753
0.582874
0.605443
0.596350
0.578997
0.602131
0.588892
0.584676
0.591393
0.581115
0.572343
0.583015
0.599561
0.617300
0.587591
0.607635
0.589242
0.579521
0.586334
0.587931
0.597041
0.606918
0.595882
0.580270
0.593321
0.592137
0.594430
0.592440
0.595545
0.583437
0.595491
0.578547
0.600917
0.595220
0.587039
0.579547
0.580792
0.581836
0.595079
0.573416
0.593745
0.602886
0.605737
0.592577
0.580107
0.600356
0.598076
0.598441
0.594094
0.592133
0.593508
0.587660
0.591229
0.584361
0.608845
0.579102
0.579589
0.609459
0.575688
0.602156
0.598354
0.609354
0.596245
0.607047
0.581903
0.597046
0.605237
0.594860
0.602623
0.593996
0.595609
0.585259
0.598420
0.588202
0.589391
0.585217
0.577778
0.589226
0.583951
0.603005
0.593407
0.591710
0.583881
0.582575
0.581762
0.591325
0.611781
0.590327
0.602579
0.610410
0.600788
0.589709
0.584202
0.601070
0.598964
0.608608
0.582139
0.598441
0.597722
0.610673
0.605252
0.586005
0.590455
0.617576
0.582203
0.590689
0.569790
0.590019
0.615623
0.585796
0.610086
0.615851
0.587230
0.581090
0.590026
0.590041
0.587210
0.588354
0.606521
0.597578
0.589272
0.584026
0.593945
0.596294
0.584135
0.611492
0.593495
0.595871
0.569850
0.584012
0.588598
0.582936
0.586988
0.579975
0.601421
0.586915
0.595982
0.575745
0.582972
0.621190
0.595172
0.586320
0.595918
0.577160
0.591361
0.595113
0.578010
0.578802
0.590589
0.579462
0.587166
0.586866
0.598418
0.598584
0.585996
0.575712
0.589031
0.574630
0.601667
0.583236
0.598119
0.599562
0.602466
0.607836
0.605043
0.607684
0.604217
0.585359
0.594933
0.592740
0.607532
0.587333
0.586692
0.612082
0.573093
0.581390
0.592827
0.575545
0.578819
0.616717
0.599628
0.570788
0.595458
0.585412
0.600519
0.579917
0.602801
0.592025
0.594647
0.586911
0.593983
0.615213
0.579533
0.605799
0.579529
0.578863
0.594814
0.592948
0.587563
0.591514
0.583449
0.585547
0.585979
0.594816
0.599744
0.587132
0.593774
0.600794
0.593425
0.577409
0.595205
0.607944
0.602434
0.587579
0.611918
0.601534
0.591330
0.585327
0.584366
0.598899
0.592153
0.591840
0.601414
0.594106
0.587811
0.602145
0.603769
0.597970
0.593537
0.606606
0.605076
0.590914
0.563597
0.593425
0.574887
0.595434
0.586215
0.584043
0.606204
0.593398
0.572894
0.593041
0.585300
0.578477
0.599287
0.595002
0.590237
0.598182
0.612655
0.559628
0.600144
0.585011
0.604895
0.596337
0.603981
0.593263
0.598220
0.584367
0.594169
0.595984
0.596227
0.613748
0.599738
0.588940
0.604774
0.590907
0.600012
0.571443
0.591712
0.596563
0.593358
0.584278
0.598176
0.585010
0.587019
0.589426
0.589983
0.597013
0.588353
0.586019
0.596955
0.587342
0.589949
0.579963
0.603098
0.594613
0.573444
0.600056
0.586246
0.601146
0.586075
0.586644
0.590620
0.582131
0.609097
0.585181
0.598355
0.615504
0.586828
0.579199
0.592890
0.593990
0.602977
0.599432
0.574795
0.590848
0.603343
0.606874
0.590591
0.605517
0.575605
0.613744
0.608996
0.581480
0.603870
0.581486
0.574692
0.595420
0.614774
0.593472
0.581904
0.584272
0.602355
0.606805
0.584209
0.593364
0.600903
0.603754
0.596138
0.597469
0.585358
0.602446
0.598831
0.599023
0.575539
0.592345
0.598312
0.572797
0.587357
0.593199
0.600106
0.593589
0.601140
0.601980
0.584245
0.605414
0.587571
0.586871
0.598337
0.610250
0.583170
0.596153
0.579394
0.599883
0.583112
0.603344
0.584930
0.592262
0.600364
0.592131
0.587403
0.584462
0.600486
0.597423
0.563426
0.581699
0.579607
0.588991
0.599389
0.596280
0.574029
0.592855
0.596934
0.596617
0.597591
0.597465
0.597903
0.592826
0.597816
0.578049
0.599332
0.565351
0.602316
0.586757
0.591186
0.607747
0.600169
0.588525
0.595018
0.570001
0.587903
0.595745
0.586442
0.586868
0.578755
0.620131
0.584784
0.602768
0.602401
0.597477
0.594963
0.609027
0.603055
0.579524
0.609470
0.587758
0.592185
0.590495
0.588003
0.595167
0.594250
0.594662
0.581958
0.601663
0.591353
0.605319
0.602909
0.601029
0.582022
0.605968
0.589378
0.590402
0.588397
0.578875
0.594288
0.589761
0.602560
0.576036
0.589039
0.565621
0.616351
0.593945
0.570070
0.592406
0.607928
0.578950
0.579257
0.610399
0.582733
0.609910
0.583839
0.597649
0.596265
0.596546
0.605786
0.578892
0.584789
0.591017
0.596696
0.592358
0.594252
0.593674
0.592803
0.598674
0.589303
0.593386
0.586111
0.606368
0.599949
0.598449
0.590312
0.602932
0.603380
0.585194
0.591218
0.593011
0.589931
0.593971
0.582974
0.586895
0.601918
0.597422
0.591348
0.613913
0.596282
0.592746
0.609580
0.608631
0.599744
0.609516
0.596396
0.600353
0.590028
0.594644
0.601313
0.608240
0.591050
0.611498
0.586324
0.587006
0.585047
0.592140
0.616732
0.590632
0.580350
0.596535
0.592170
0.584333
0.598729
0.616754
0.597534
0.594332
0.591930
0.592004
0.609890
0.582263
0.588406
0.613791
0.590821
0.594131
0.563615
0.586092
0.607585
0.599070
0.571646
0.583302
0.583840
0.602175
0.597442
0.601760
0.589606
0.582152
0.580406
0.582311
0.601583
0.605011
0.581360
0.586062
0.591200
0.593979
0.580545
0.580246
0.603762
0.595531
0.581367
0.590726
0.593204
0.592223
0.610455
0.604668
0.597344
0.590812
0.607568
0.595966
0.601823
0.592410
0.603851
0.588740
0.594349
0.602313
0.599586
0.595832
0.591583
0.590037
0.595997
0.579035
0.593573
0.607378
0.591567
0.601425
0.590119
0.602873
0.586819
0.593266
0.598623
0.592463
0.584733
0.613096
0.594306
0.600608
0.602958
0.591125
0.579532
0.588409
0.573299
0.609698
0.595698
0.598017
0.602744
0.580115
0.594154
0.594710
0.594631
0.578702
0.604952
0.602808
0.587365
0.615804
0.593818
0.598481
0.587264
0.597727
0.586478
0.593967
0.601083
0.581585
0.585247
0.612940
0.594626
0.575734
0.600382
0.585915
0.597163
0.586279
0.597068
0.590038
0.597371
0.582749
0.584747
0.598529
0.602826
0.599800
0.591654
0.611078
0.590868
0.570923
0.598266
0.598092
0.590808
0.612416
0.596168
0.573933
0.603904
0.595243
0.596438
0.598990
0.576177
0.591570
0.574015
0.611704
0.600274
0.592826
0.597803
0.605477
0.590229
0.586304
0.579147
0.595990
0.575280
0.598138
0.588381
0.597875
0.579869
0.598912
0.578491
0.597725
0.598743
0.601612
0.566915
0.602539
0.607039
0.576178
0.598168
0.588081
0.578413
0.596477
0.585034
0.603059
0.598191
0.601015
0.583118
0.591478
0.608639
0.592484
0.608009
0.594263
0.595981
0.583706
0.600155
0.604968
0.583953
0.602498
0.612320
0.583575
0.586898
0.582766
0.600141
0.613960
0.583152
0.601211
0.603940
0.598647
0.613160
0.597633
0.602501
0.598936
0.593501
0.581261
0.612185
0.586170
0.597843
0.591290
0.597685
0.586406
0.584456
0.588971
0.598825
0.610571
0.593116
0.588787
0.602649
0.588120
0.577073
0.577433
0.609876
0.597167
0.591480
0.573232
0.590230
0.599467
0.581373
0.609828
0.595379
0.590593
0.591723
0.577725
0.594642
0.590996
0.580298
0.587986
0.605917
0.586963
0.585141
0.594754
0.572696
0.591589
0.591877
0.581426
0.584682
0.590547
0.585727
0.587634
0.592819
0.599554
0.554026
0.585132
0.563019
0.592315
0.600341
0.604961
0.583502
0.608993
0.582787
0.594805
0.589589
0.574359
0.597414
0.577365
0.590335
0.583229
0.591739
0.595660
0.589203
0.595531
0.588452
0.589705
0.591193
0.586978
0.578094
0.583476
0.603448
0.581520
0.591928
0.586493
0.604245
0.588778
0.580251
0.598958
0.578348
0.583429
0.582546
0.598982
0.592704
0.577951
0.581623
0.609739
0.598758
0.594171
0.599829
0.593494
0.602403
0.591835
0.577245
0.585312
0.584520
0.590726
0.591658
0.589129
0.584990
0.585949
0.595814
0.571502
0.593910
0.579421
0.600374
0.583111
0.584181
0.604799
0.608309
0.593726
0.593359
0.594564
0.605533
0.602948
0.599268
0.590977
0.591859
0.590975
0.593731
0.573528
0.596772
0.581454
0.603867
0.609408
0.579256
0.597130
0.585216
0.597036
0.602439
0.595038
0.594351
0.593942
0.577467
0.607574
0.598454
0.597999
0.607327
0.592458
0.590330
0.614423
0.588316
0.587249
0.591186
0.593972
0.605245
0.601612
0.588871
0.590809
0.602562
0.595204
0.578246
0.598831
0.601579
0.618821
0.591051
0.580565
0.601293
0.600629
0.595499
0.592153
0.601250
0.589391
0.590555
0.589539
0.581050
0.583887
0.605755
0.594975
0.584229
0.607726
0.584642
0.616582
0.585783
0.587257
0.592182
0.596962
0.598669
0.599319
0.592247
0.591818
0.590770
0.597024
0.606344
0.604777
0.594220
0.599687
0.584189
0.584701
0.595644
0.593345
0.588818
0.600626
0.585290
0.612651
0.600815
0.600279
0.600716
0.592680
0.565762
0.591991
0.579252
0.595788
0.603283
0.593443
0.569393
0.584487
0.597772
0.608969
0.592134
0.587959
0.600248
0.601536
0.598346
0.592834
0.584193
0.597581
0.602186
0.594102
0.596068
0.588940
0.593353
0.587523
0.596888
0.594705
0.584908
0.606629
0.587663
0.595530
0.581769
0.592463
0.608625
0.590145
0.603360
0.588113
0.597261
0.571850
0.584047
0.608073
0.612281
0.582749
0.601619
0.590979
0.588865
0.578995
0.589612
0.583745
0.595296
0.595959
0.593701
0.590086
0.593626
0.588314
0.583743
0.593571
0.594131
0.584602
0.585693
0.606218
0.592504
0.590254
0.592209
0.577435
0.587310
0.614427
0.595171
0.593474
0.582844
0.601620
0.588519
0.600226
0.608303
0.592956
0.594441
0.581483
0.592929
0.596303
0.592602
0.584479
0.579912
0.600301
0.583525
0.590130
0.577663
0.589151
0.600679
0.615301
0.601883
0.598092
0.589020
0.606728
0.585939
0.587792
0.579662
0.581264
0.598749
0.590469
0.590252
0.609673
0.590822
0.589810
0.576799
0.595531
0.599394
0.584868
0.580277
0.594255
0.589564
0.605307
0.606945
0.594054
0.589669
0.585318
0.600747
0.598866
0.584105
0.595017
0.600402
0.592302
0.588562
0.582904
0.614025
0.593143
0.586043
0.594939
0.601345
0.612328
0.602917
0.591822
0.588777
0.604465
0.589632
0.610569
0.605559
0.583172
0.595107
0.576972
0.598927
0.588543
0.590457
0.586948
0.580358
0.601762
0.593233
0.597966
0.593943
0.586593
0.576066
0.583944
0.570564
0.574000
0.604203
0.577485
0.601257
0.593688
0.603320
0.613969
0.586344
0.583241
0.590613
0.588760
0.606679
0.615356
0.582208
0.596382
0.583745
0.600313
0.608332
0.587735
0.587378
0.585265
0.591892
0.600420
0.574522
0.581387
0.592548
0.604420
0.594848
0.598526
0.585479
0.602152
0.587810
0.599210
0.596755
0.589079
0.590569
0.587489
0.589983
0.598556
0.592391
0.584522
0.612954
0.600152
0.610162
0.595753
0.589790
0.579657
0.583472
0.594923
0.594067
0.598089
0.615500
0.587648
0.596727
0.598421
0.582529
0.608909
0.600626
0.587201
0.607477
0.595574
0.575305
0.590166
0.591698
0.616810
0.569769
0.578873
0.595962
0.597577
0.583026
0.597370
0.589962
0.590565
0.596414
0.585980
0.608538
0.589433
0.582571
0.590053
0.607357
0.607759
0.588014
0.578006
0.597014
0.593233
0.605804
0.601320
0.601756
0.592247
0.591239
0.591319
0.588456
0.600646
0.603986
0.604948
0.604032
0.601861
0.594598
0.613464
0.593088
0.587379
0.593545
0.583759
0.582538
0.583704
0.584944
0.589355
0.604158
0.593773
0.588134
0.600590
0.588316
0.583290
0.596055
0.605307
0.599020
0.598591
0.611507
0.591118
0.588493
0.597658
0.571805
0.604816
0.599685
0.607812
0.604483
0.570841
0.581744
0.577158
0.582522
0.602180
0.596734
0.589271
0.600569
0.607613
0.602489
0.592583
0.597461
0.589789
0.586073
0.601142
0.586080
0.577487
0.591041
0.573973
0.597672
0.599873
0.607647
0.590059
0.594110
0.602467
0.594482
0.581788
0.594331
0.578702
0.606970
0.587099
0.603428
0.605870
0.598401
0.597908
0.610682
0.597513
0.594142
0.584674
0.586686
0.611947
0.590164
0.582038
0.601420
0.575564
0.594138
0.587272
0.594100
0.594216
0.596671
0.584666
0.594619
0.591264
0.581126
0.604581
0.596116
0.599543
0.594710
0.609564
0.578288
0.595672
0.591938
0.576272
0.583957
0.594849
0.591405
0.600736
0.588942
0.583303
0.589020
0.585640
0.592578
0.598647
0.599263
0.609879
0.584381
0.578362
0.595349
0.597486
0.582016
0.607086
0.590374
0.602724
0.597620
0.588510
0.603193
0.593745
0.579250
0.599830
0.602668
0.593801
0.590685
0.583922
0.603524
0.615674
0.586355
0.589276
0.604214
0.575011
0.599914
0.579604
0.587090
0.594863
0.569293
0.598721
0.595389
0.584609
0.592118
0.610126
0.589395
0.598131
0.598037
0.604107
0.576593
0.593968
0.597697
0.592705
0.588753
0.590827
0.598819
0.602684
0.587878
0.605093
0.587086
0.567755
0.597565
0.592261
0.589471
0.585066
0.613040
0.598170
0.584650
0.590270
0.582252
0.602462
0.583290
0.593000
0.576647
0.594607
0.608536
0.581791
0.584725
0.606380
0.589405
0.587008
0.623070
0.589952
0.590721
0.593367
0.597055
0.604009
0.596555
0.599776
0.587031
0.597898
0.589425
0.582023
0.586199
0.586693
0.588079
0.586478
0.605208
0.578597
0.589910
0.606436
0.591975
0.592690
0.601074
0.577828
0.588807
0.596964
0.590373
0.594784
0.601424
0.597371
0.599025
0.601388
0.593039
0.607389
0.596733
0.583439
0.588595
0.601644
0.604880
0.620043
0.587230
0.578747
0.590627
0.599596
0.587727
0.583073
0.598031
0.587375
0.592224
0.596807
0.597751
0.604818
0.582056
0.595560
0.588255
0.596225
0.590914
0.599035
0.593019
0.588492
0.586295
0.593191
0.583421
0.607996
0.599899
0.583775
0.583270
0.585524
0.599124
0.601360
0.609096
0.594497
0.600365
0.593054
0.595012
0.592588
0.599310
0.588010
0.586289
0.588717
0.600177
0.600089
0.597613
0.585520
0.599857
0.589442
0.594774
0.597328
0.599713
0.595271
0.589478
0.576577
0.594759
0.606074
0.564613
0.598111
0.594738
0.593702
0.601149
0.592654
0.602345
0.595640
0.580407
0.592367
0.606337
0.611237
0.576219
0.585984
0.598544
0.582542
0.593586
0.586192
0.593724
0.584236
0.576550
0.598617
0.588746
0.583893
0.593988
0.599630
0.581140
0.604347
0.599659
0.593678
0.588810
0.597082
0.587917
0.598957
0.588347
0.590469
0.588638
0.586026
0.592469
0.592132
0.580245
0.596449
0.574952
0.595880
0.592134
0.595963
0.585370
0.606838
0.585205
0.575223
0.594864
0.585999
0.604331
0.576419
0.588667
0.580236
0.593343
0.597213
0.584177
0.590214
0.606066
0.579092
0.603623
0.580090
0.588974
0.582837
0.592535
0.585385
0.598426
0.594780
0.610648
0.580812
0.593421
0.594411
0.574582
0.587390
0.589427
0.577487
0.583970
0.584192
0.589900
0.589029
0.600905
0.579182
0.594077
0.590476
0.587789
0.594167
0.597331
0.597017
0.575219
0.601498
0.589268
0.586277
0.603821
0.588965
0.588504
0.603650
0.604234
0.581781
0.601235
0.602864
0.599416
0.595955
0.587355
0.591178
0.594592
0.584773
0.580148
0.573727
0.591569
0.591186
0.580402
0.595259
0.582877
0.604114
0.584574
0.606567
0.607546
0.597974
0.580248
0.604188
0.595291
0.594102
0.593276
0.574768
0.584289
0.581997
0.577457
0.584531
0.594557
0.591723
0.599959
0.602604
0.592998
0.615319
0.586158
0.610025
0.587856
0.597081
0.591993
0.593699
0.596807
0.597907
0.577043
0.589652
0.583519
0.596042
0.592651
0.591180
0.589691
0.591163
0.583802
0.600336
0.583108
0.603308
0.605822
0.598641
0.595241
0.608168
0.604166
0.603198
0.589276
0.571733
0.575116
0.588633
0.592491
0.584697
0.566579
0.590555
0.607463
0.601100
0.579920
0.596388
0.574518
0.587303
0.592025
0.597675
0.577390
0.609731
0.579491
0.594414
0.583621
0.592788
0.582787
0.606212
0.582885
0.592710
0.585513
0.601928
0.598741
0.612377
0.599924
0.587393
0.585501
0.597201
0.591750
0.573633
0.588933
0.594895
0.595084
0.591303
0.585042
0.593224
0.592462
0.589516
0.592000
0.610115
0.587933
0.584599
0.586146
0.584971
0.596772
0.609210
0.582836
0.582047
0.609028
0.606388
0.566569
0.606994
0.597684
0.592232
0.587616
0.589357
0.595115
0.606029
0.576561
0.612500
0.589777
0.610722
0.591965
0.607944
0.563033
0.589929
0.596288
0.588394
0.587724
0.594940
0.599536
0.594138
0.602511
0.590022
0.596007
0.587147
0.576630
0.588395
0.597118
0.589174
0.573802
0.586970
0.589910
0.599237
0.589843
0.599086
0.588522
0.581300
0.601299
0.600870
0.596615
0.579901
0.581225
0.588149
0.594856
0.594657
0.608901
0.595675
0.583867
0.585676
0.600373
0.591706
0.607554
0.582729
0.570074
0.612819
0.606537
0.599731
0.575380
0.592461
0.583328
0.594369
0.590087
0.595707
0.598439
0.595116
0.589684
0.614499
0.597804
0.572288
0.591120
0.584857
0.586726
0.591191
0.591565
0.596042
0.592067
0.587372
0.584898
0.580544
0.598459
0.589011
0.606717
0.602241
0.598203
0.590180
0.591309
0.605458
0.613698
0.600634
0.585220
0.602427
0.605262
0.589027
0.611044
0.582781
0.604605
0.587019
0.596279
0.600789
0.593152
0.595203
0.587687
0.589399
0.600136
0.596400
0.602838
0.600172
0.587288
0.577659
0.576605
0.595757
0.588652
0.593756
0.582700
0.602676
0.587722
0.592998
0.594711
0.582514
0.602817
0.598717
0.589318
0.602753
0.587135
0.595097
0.597375
0.612588
0.593306
0.595867
0.597372
0.587708
0.597393
0.579779
0.599098
0.601607
0.602798
0.600658
0.607329
0.583682
0.584486
0.580780
0.600691
0.591096
0.582037
0.599406
0.601109
0.599411
0.598732
0.591285
0.594217
0.602838
0.593318
0.591151
0.606804
0.594761
0.595563
0.600642
0.589055
0.594629
0.597859
0.598964
0.590924
0.592536
0.601160
0.589832
0.593682
0.596839
0.593778
0.594118
0.594763
0.587508
0.605080
0.611073
0.618101
0.586438
0.588151
0.588064
0.593237
0.599759
0.589678
0.607121
0.601607
0.602792
0.590353
0.587691
0.592104
0.595255
0.585208
0.594951
0.593972
0.601776
0.605263
0.605494
0.588283
0.590590
0.581074
0.593333
0.577535
0.595229
0.618728
0.609047
0.599329
0.595783
0.581471
0.578619
0.583709
0.614001
0.592176
0.602820
0.586516
0.580790
0.591928
0.600408
0.585282
0.573196
0.594301
0.605860
0.576801
0.586906
0.591480
0.579878
0.591638
0.586334
0.591584
0.585166
0.589833
0.608244
0.588654
0.605124
0.605969
0.602028
0.597342
0.602371
0.586549
0.577649
0.598669
0.607316
0.582408
0.597115
0.602655
0.602988
0.596694
0.589880
0.609077
0.579288
0.583696
0.591179
0.590241
0.581291
0.576930
0.566091
0.594387
0.593160
0.588363
0.587968
0.582715
0.595451
0.595654
0.582982
0.593132
0.587852
0.597894
0.594361
0.573337
0.606624
0.590624
0.598404
0.595957
0.590176
0.590246
0.595390
0.581870
0.592388
0.599745
0.578119
0.581578
0.597055
0.593234
0.609529
0.581750
0.574832
0.591483
0.588669
0.574877
0.596253
0.600842
0.602129
0.580778
0.597925
0.579987
0.596915
0.592649
0.578939
0.592015
0.604853
0.590154
0.591146
0.605730
0.588713
0.597130
0.595662
0.597750
0.597843
0.606006
0.595138
0.587144
0.588814
0.592378
0.596825
0.601388
0.590437
0.593862
0.586323
0.589324
0.592877
0.599212
0.613096
0.603362
0.595880
0.592124
0.584343
0.598843
0.566465
0.606972
0.591615
0.609054
0.594651
0.578728
0.575050
0.590047
0.589801
0.576451
0.590699
0.577378
0.570530
0.591632
0.584374
0.584138
0.607877
0.609110
0.595446
0.619151
0.590210
0.596054
0.597882
0.605340
0.610932
0.577013
0.587714
0.590618
0.590869
0.592127
0.592091
0.596384
0.583136
0.595490
0.580867
0.593380
0.593861
0.598083
0.597817
0.609070
0.602651
0.584962
0.598415
0.594841
0.592948
0.623156
0.581413
0.599731
0.587982
0.592171
0.590715
0.606010
0.589176
0.606343
0.589916
0.602404
0.611798
0.585054
0.600773
0.585825
0.602987
0.593782
0.610126
0.577842
0.598698
0.591917
0.591310
0.585423
0.589759
0.584065
0.600833
0.581343
0.581541
0.591877
0.590400
0.588213
0.595778
0.604312
0.585937
0.584517
0.591689
0.603741
0.595752
0.590933
0.588601
0.593652
0.605248
0.584832
0.593319
0.603155
0.615214
0.594078
0.587185
0.593099
0.591302
0.580771
0.585493
0.600441
0.603834
0.603953
0.590733
0.585823
0.581904
0.591661
0.604090
0.596659
0.598102
0.590738
0.599936
0.579566
0.587018
0.601593
0.616267
0.589736
0.589400
0.592549
0.580685
0.597607
0.596755
0.595485
0.579593
0.600157
0.587974
0.579141
0.578776
0.591750
0.580963
0.590270
0.590590
0.593909
0.602005
0.589345
0.597585
0.587163
0.617262
0.611029
0.594616
0.590978
0.597286
0.594576
0.585393
0.594705
0.598213
0.608395
0.603800
0.616511
0.607471
0.592451
0.592718
0.582973
0.575456
0.607061
0.571498
0.593476
0.580523
0.579957
0.588624
0.588748
0.591661
0.612275
0.601191
0.587827
0.594455
0.585057
0.601820
0.612408
0.592803
0.589736
0.580194
0.605434
0.603962
0.591327
0.607344
0.561497
0.610508
0.585341
0.595881
0.606721
0.589518
0.593755
0.605953
0.582547
0.597584
0.593114
0.603688
0.580954
0.612895
0.598189
0.597318
0.575680
0.591447
0.588785
0.590672
0.590651
0.599556
0.588739
0.578217
0.575400
0.607196
0.581566
0.593229
0.596415
0.592389
0.588583
0.601193
0.596674
0.574372
0.588644
0.598831
0.592825
0.599693
0.598186
0.567658
0.600283
0.586018
0.598485
0.594728
0.583279
0.591167
0.577857
0.595324
0.589676
0.592868
0.602199
0.590269
0.590306
0.597908
0.585462
0.597431
0.593350
0.592597
0.579419
0.602197
0.589159
0.598431
0.583244
0.594446
0.596883
0.605040
0.595121
0.593925
0.570126
0.596254
0.601367
0.586667
0.598306
0.577352
0.594169
0.598411
0.588598
0.581801
0.600952
0.617826
0.610957
0.610809
0.606740
0.581403
0.582791
0.608162
0.598772
0.585634
0.583122
0.586903
0.605639
0.587381
0.600589
0.578779
0.599885
0.607793
0.607296
0.606265
0.608303
0.598412
0.594958
0.571003
0.601279
0.590833
0.603743
0.593230
0.587532
0.587621
0.591350
0.612950
0.612547
0.589921
0.582454
0.597467
0.597028
0.576656
0.613933
0.575718
0.596756
0.587455
0.596027
0.597247
0.571836
0.604898
0.582277
0.603197
0.590122
0.598250
0.584523
0.598614
0.592661
0.599612
0.583567
0.595574
0.594153
0.611452
0.586084
0.603036
0.591319
0.580057
0.597723
0.594181
0.583661
0.589766
0.614579
0.599644
0.580534
0.589845
0.604944
0.582298
0.595970
0.588799
0.585028
0.570923
0.586455
0.601858
0.566773
0.599844
0.585026
0.594445
0.595434
0.588145
0.593299
0.619334
0.592487
0.592926
0.593362
0.574060
0.590223
0.600852
0.602483
0.597548
0.588425
0.597023
0.596701
0.611502
0.596842
0.599889
0.597892
0.586456
0.577731
0.580691
0.589841
0.592183
0.588839
0.592624
0.606618
0.574000
0.576192
0.590822
0.606895
0.571648
0.594563
0.590573
0.583943
0.595001
0.580570
0.594774
0.608940
0.588495
0.604933
0.592772
0.582863
0.590877
0.601474
0.606320
0.577446
0.581079
0.585912
0.559900
0.602880
0.606050
0.606143
0.603572
0.590995
0.595495
0.580031
0.600192
0.588507
0.588496
0.603092
0.580414
0.591552
0.583488
0.606441
0.576954
0.586725
0.600002
0.599725
0.598017
0.580075
0.597676
0.589551
0.605801
0.573414
0.589033
0.591556
0.575474
0.582501
0.584453
0.579304
0.591546
0.606633
0.603018
0.587877
0.600261
0.602445
0.600421
0.571971
0.600101
0.592029
0.591073
0.596389
0.586908
0.595829
0.592703
0.580891
0.590731
0.591733
0.584873
0.590353
0.591722
0.580892
0.601919
0.585722
0.579514
0.584280
0.601467
0.592315
0.599586
0.590590
0.591989
0.602060
0.589078
0.569557
0.590243
0.585878
0.604376
0.587028
0.592775
0.601618
0.584646
0.584290
0.577237
0.597698
0.589257
0.582971
0.575482
0.586858
0.600264
0.591252
0.585795
0.600933
0.594599
0.594550
0.601869
0.580948
0.574810
0.563740
0.577839
0.604589
0.615835
0.584200
0.588781
0.602009
0.574768
0.594826
0.605124
0.601057
0.589766
0.592193
0.595657
0.605961
0.585790
0.613116
0.605929
0.579573
0.592021
0.592069
0.581678
0.591666
0.587980
0.587583
0.582892
0.604781
0.609880
0.599968
0.590142
0.586248
0.567643
0.599552
0.587315
0.602840
0.569596
0.591084
0.600677
0.596485
0.579726
0.587445
0.589575
0.586003
0.603547
0.592232
0.600273
0.599802
0.597421
0.592755
0.598094
0.592003
0.601209
0.591239
0.598806
0.581376
0.605763
0.591302
0.603900
0.588633
0.608150
0.587079
0.585987
0.624001
0.573089
0.582884
0.600087
0.603059
0.610645
0.585301
0.603086
0.576740
0.585726
0.600978
0.590905
0.600083
0.595693
0.609967
0.610947
0.588748
0.594485
0.583781
0.580335
0.595667
0.581556
0.593783
0.582408
0.593054
0.602604
0.588518
0.599977
0.587985
0.595338
0.578488
0.603258
0.602191
0.598629
0.603028
0.609118
0.587992
0.591308
0.601167
0.596888
0.600725
0.603379
0.588090
0.607523
0.607937
0.595019
0.591637
0.591148
0.585413
0.597682
0.599283
0.593105
0.590541
0.601428
0.584475
0.584085
0.591069
0.595709
0.574338
0.584419
0.604559
0.589516
0.587229
0.579412
0.584301
0.586533
0.569209
0.605258
0.585498
0.586043
0.578496
0.595915
0.606208
0.600697
0.586582
0.590339
0.587898
0.602267
0.598119
0.598443
0.584821
0.588509
0.583993
0.614367
0.610198
0.586031
0.597604
0.599010
0.604252
0.588900
0.591973
0.594510
0.584400
0.597202
0.574746
0.593611
0.581660
0.589270
0.586111
0.589800
0.592217
0.581283
0.589530
0.594837
0.607416
0.604958
0.604181
0.589806
0.596024
0.590145
0.595952
0.582742
0.599606
0.596924
0.579965
0.594934
0.594483
0.597411
0.582168
0.591946
0.598425
0.594987
0.596587
0.582197
0.590824
0.597260
0.587094
0.583353
0.577389
0.594720
0.614387
0.592982
0.590474
0.612784
0.604795
0.588347
0.576125
0.594234
0.603908
0.582544
0.592295
0.590452
0.585057
0.590199
0.586081
0.583302
0.602559
0.575964
0.591080
0.574265
0.592366
0.601548
0.589016
0.600893
0.586071
0.572665
0.604572
0.597720
0.603774
0.593559
0.589191
0.599871
0.594912
0.597454
0.594018
0.595448
0.599616
0.592678
0.588396
0.603500
0.605850
0.587333
0.575365
0.591187
0.590967
0.592604
0.583031
0.582245
0.578971
0.598975
0.582942
0.593760
0.589467
0.608030
0.598256
0.594571
0.593467
0.589387
0.604459
0.573053
0.595855
0.580951
0.578827
0.596470
0.605313
0.592922
0.582335
0.590592
0.595006
0.589727
0.585262
0.588015
0.588952
0.591369
0.591779
0.592263
0.592474
0.599299
0.592423
0.588947
0.592280
0.609708
0.591737
0.605128
0.595040
0.578533
0.604582
0.582190
0.567707
0.606597
0.585864
0.594471
0.584280
0.612396
0.610487
0.599161
0.591062
0.595963
0.588645
0.590702
0.616307
0.596044
0.599647
0.612410
0.596407
0.585404
0.596687
0.618102
0.583082
0.586214
0.603297
0.587598
0.582015
0.600879
0.609190
0.587692
0.592445
0.593257
0.596869
0.585120
0.590095
0.581831
0.599164
0.608692
0.571221
0.607444
0.578596
0.590807
0.593821
0.584396
0.590801
0.599445
0.586007
0.575408
0.603384
0.595816
0.580809
0.603549
0.594450
0.578963
0.596765
0.604677
0.573572
0.606118
0.592106
0.569311
0.587245
0.589824
0.595568
0.585158
0.597774
0.596764
0.601980
0.606923
0.598747
0.583570
0.585262
0.594197
0.588587
0.589393
0.588718
0.587395
0.600552
0.592612
0.602115
0.574346
0.591930
0.582052
0.592205
0.598468
0.581989
0.580538
0.595190
0.595532
0.606015
0.617707
0.579051
0.572902
0.615748
0.590456
0.595418
0.608557
0.599220
0.589960
0.567961
0.583844
0.568902
0.592916
0.585683
0.581276
0.591833
0.598906
0.592413
0.611925
0.587834
0.603202
0.598354
0.598850
0.596818
0.594612
0.584363
0.604887
0.588201
0.601571
0.606138
0.582832
0.587876
0.582851
0.587597
0.575992
0.584166
0.603131
0.570831
0.610279
0.577805
0.590507
0.611147
0.593897
0.606477
0.600254
0.597282
0.585969
0.595020
0.600027
0.589135
0.580132
0.599087
0.589210
0.581814
0.593804
0.605578
0.584099
0.605348
0.600420
0.577226
0.573521
0.606636
0.573965
0.588562
0.582782
0.582827
0.582597
0.592369
0.578686
0.602727
0.600954
0.600744
0.597041
0.587223
0.587930
0.625443
0.596274
0.582778
0.598975
0.582120
0.570480
0.593866
0.575439
0.583501
0.603554
0.594633
0.596162
0.593900
0.601454
0.597753
0.598339
0.579027
0.601478
0.574731
0.599777
0.583898
0.594161
0.578600
0.594591
0.593068
0.569300
0.590189
0.596865
0.616048
0.594759
0.588912
0.579402
0.575304
0.587848
0.591094
0.599420
0.601679
0.575465
0.580425
0.584893
0.602759
0.575891
0.592063
0.584145
0.597867
0.598890
0.576359
0.602213
0.594869
0.588513
0.579504
0.592858
0.603996
0.598849
0.572299
0.598901
0.586045
0.608972
0.603892
0.592305
0.595441
0.586614
0.600535
0.583030
0.589456
0.591343
0.614362
0.585343
0.597050
0.583214
0.583652
0.594161
0.589596
0.580540
0.585238
0.586456
0.595953
0.597604
0.583779
0.561894
0.593655
0.589046
0.600671
0.611209
0.577507
0.581291
0.608510
0.585326
0.594972
0.590249
0.598053
0.598419
0.603150
0.599482
0.604440
0.599032
0.598549
0.607616
0.606197
0.590956
0.608198
0.581318
0.587698
0.592422
0.601813
0.603050
0.584649
0.586005
0.583596
0.603013
0.624781
0.588831
0.579979
0.588909
0.591270
0.611591
0.594474
0.609084
0.586518
0.595292
0.602972
0.601707
0.589187
0.592309
0.612122
0.593843
0.577144
0.584331
0.586397
0.594884
0.596208
0.599891
0.582524
0.579393
0.610660
0.583954
0.583539
0.607429
0.594170
0.591994
0.591871
0.582264
0.593050
0.593422
0.577963
0.606784
0.577570
0.592277
0.597289
0.608340
0.595332
0.595840
0.585473
0.593313
0.591238
0.579850
0.594202
0.574739
0.591543
0.592653
0.604543
0.613811
0.591819
0.609963
0.591010
0.604842
0.601575
0.604916
0.585360
0.603333
0.597163
0.615310
0.597685
0.598033
0.591396
0.590293
0.583745
0.601187
0.600719
0.597916
0.589067
0.605407
0.614467
0.576463
0.606884
0.602184
0.580636
0.586516
0.592281
0.592587
0.572142
0.583579
0.589273
0.596152
0.574128
0.587538
0.584044
0.596860
0.604064
0.589746
0.582094
0.588078
0.587972
0.594584
0.596253
0.590582
0.592911
0.595570
0.595890
0.602232
0.584000
0.579508
0.600264
0.590801
0.591870
0.588779
0.584653
0.600039
0.580320
0.597752
0.585773
0.607209
0.595916
0.601579
0.608543
0.590808
0.596547
0.594817
0.587594
0.594073
0.589863
0.586099
0.579138
0.581275
0.590463
0.591883
0.604884
0.583801
0.611827
0.598622
0.593790
0.590413
0.588214
0.586274
0.595738
0.590846
0.588460
0.576894
0.594739
0.589333
0.593193
0.586311
0.587698
0.597441
0.597807
0.610247
0.594850
0.592575
0.586720
0.588535
0.569715
0.591928
0.601019
0.588384
0.601927
0.601899
0.597813
0.598685
0.587687
0.609097
0.585736
0.575706
0.587098
0.592912
0.594772
0.592995
0.597286
0.587082
0.594482
0.587906
0.598018
0.600297
0.594037
0.576781
0.578086
0.594922
0.591352
0.574634
0.587664
0.592801
0.592914
0.595050
0.592125
0.588406
0.595180
0.593711
0.602571
0.600492
0.612657
0.576848
0.606561
0.562757
0.598481
0.597205
0.595523
0.584229
0.574972
0.590601
0.588445
0.582065
0.601809
0.597376
0.611022
0.602973
0.597094
0.587820
0.592776
0.587866
0.603050
0.581497
0.583425
0.597516
0.567509
0.593530
0.605139
0.595534
0.608378
0.593570
0.588917
0.557494
0.592859
0.579697
0.599816
0.599566
0.589068
0.589749
0.583159
0.596647
0.587964
0.595466
0.596854
0.583772
0.578899
0.601749
0.597734
0.594681
0.587872
0.600329
0.591693
0.583941
0.570671
0.584910
0.586945
0.591880
0.582478
0.590545
0.591767
0.597182
0.598267
0.590857
0.610302
0.578603
0.597619
0.577176
0.571656
0.576926
0.586955
0.577727
0.598116
0.591979
0.615037
0.585410
0.597303
0.597868
0.586505
0.616696
0.586909
0.598350
0.597246
0.597517
0.583495
0.574948
0.603624
0.580242
0.592824
0.585874
0.591011
0.620338
0.602736
0.627112
0.591014
0.593707
0.609338
0.575830
0.607646
0.605865
0.587055
0.593231
0.589336
0.593782
0.586699
0.590465
0.591651
0.589325
0.577974
0.599692
0.594846
0.594876
0.596742
0.605663
0.579059
0.581780
0.573987
0.608522
0.599182
0.586042
0.597111
0.593521
0.594209
0.593328
0.605271
0.578481
0.595203
0.595759
0.593951
0.592111
0.577520
0.598429
0.584101
0.571067
0.599723
0.590275
0.598744
0.581849
0.597703
0.587866
0.586521
0.605495
0.583597
0.595751
0.610757
0.607199
0.597873
0.577490
0.596530
0.593123
0.596750
0.588443
0.598215
0.574894
0.591139
0.587255
0.605386
0.604963
0.589052
0.589136
0.585577
0.603722
0.590617
0.602764
0.604598
0.591020
0.597458
0.596849
0.592323
0.584199
0.606701
0.579364
0.588768
0.579447
0.601342
0.597523
0.617627
0.615055
0.593738
0.603476
0.584331
0.579669
0.591839
0.583502
0.600525
0.582145
0.599301
0.583501
0.586436
0.575327
0.588561
0.588964
0.583343
0.592944
0.595489
0.584951
0.588335
0.607594
0.595718
0.609180
0.601755
0.585857
0.582591
0.596583
0.589358
0.582925
0.591030
0.587698
0.585557
0.568542
0.585708
0.599089
0.582856
0.584720
0.586457
0.597092
0.586513
0.595160
0.578978
0.589006
0.604853
0.584922
0.579343
0.592814
0.586822
0.587425
0.593305
0.605394
0.584623
0.594243
0.590765
0.589955
0.602274
0.594089
0.592713
0.593302
0.560315
0.578071
0.596931
0.595249
0.588672
0.586453
0.590559
0.596080
0.602100
0.602856
0.584724
0.593536
0.600414
0.585364
0.597001
0.600591
0.585268
0.602049
0.597661
0.592955
0.596900
0.578437
0.598436
0.593142
0.599278
0.596828
0.588214
0.608019
0.585933
0.584951
0.594233
0.590915
0.591645
0.599077
0.576741
0.603391
0.589348
0.594291
0.600014
0.594294
0.609735
0.617469
0.579914
0.601581
0.592478
0.586613
0.587898
0.597792
0.596687
0.578440
0.611348
0.592012
0.597027
0.609009
0.596071
0.589353
0.607211
0.585979
0.593359
0.593231
0.591887
0.607546
0.596940
0.603560
0.584176
0.576984
0.594811
0.616727
0.594050
0.597581
0.588464
0.581554
0.606547
0.587857
0.600258
0.593907
0.590706
0.593575
0.604119
0.589061
0.593282
0.581752
0.598081
0.596512
0.599696
0.590990
0.579380
0.582002
0.601868
0.601066
0.603628
0.618387
0.598597
0.583330
0.592781
0.600700
0.593190
0.587542
0.607153
0.622929
0.570208
0.608169
0.585298
0.578948
0.594556
0.590212
0.601096
0.576409
0.592332
0.581527
0.577476
0.601941
0.592752
0.567275
0.580608
0.616639
0.592636
0.585998
0.605140
0.597690
0.573061
0.579966
0.572476
0.598469
0.576384
0.588634
0.599116
0.587938
0.591094
0.605802
0.598534
0.578147
0.591767
0.593424
0.580593
0.585217
0.606066
0.587858
0.610700
0.605708
0.589325
0.577406
0.586671
0.586348
0.590620
0.589638
0.596225
0.592820
0.588501
0.598904
0.572327
0.627569
0.598444
0.609761
0.594413
0.590138
0.587143
0.607974
0.576580
0.586259
0.570167
0.588583
0.600517
0.581465
0.607019
0.598981
0.597660
0.587977
0.601021
0.572282
0.604564
0.609545
0.594984
0.594910
0.585465
0.596896
0.598501
0.600274
0.580296
0.575994
0.601429
0.602664
0.604862
0.594165
0.593979
0.595815
0.593309
0.596791
0.592198
0.594740
0.577499
0.594502
0.582095
0.596018
0.571973
0.570855
0.588780
0.611478
0.580652
0.592414
0.593944
0.588071
0.576026
0.600952
0.581686
0.609433
0.587295
0.588679
0.580312
0.599424
0.583805
0.607133
0.575378
0.591109
0.604050
0.569580
0.582130
0.592819
0.591886
0.593756
0.602468
0.594728
0.597473
0.589481
0.597952
0.594641
0.592287
0.595109
0.599873
0.572504
0.601058
0.586857
0.589805
0.601227
0.573264
0.587143
0.591397
0.603459
0.597225
0.599796
0.590234
0.598938
0.580613
0.592560
0.585233
0.578565
0.583496
0.588318
0.602446
0.563950
0.597335
0.582954
0.594791
0.589272
0.586284
0.571106
0.604159
0.606828
0.599407
0.608049
0.579238
0.588014
0.586689
0.606702
0.586402
0.577413
0.592505
0.588556
0.574584
0.582140
0.596367
0.589389
0.588636
0.610173
0.582803
0.590455
0.590261
0.589605
0.593454
0.587728
0.602310
0.599863
0.595745
0.579598
0.600322
0.606395
0.602227
0.612790
0.591044
0.589541
0.601790
0.604512
0.599521
0.581764
0.602643
0.581713
0.598220
0.582370
0.597439
0.576051
0.579733
0.579369
0.587019
0.576473
0.605716
0.608991
0.599650
0.597094
0.602407
0.594543
0.596615
0.602828
0.591784
0.595312
0.587778
0.610922
0.573016
0.602549
0.581829
0.588681
0.585995
0.572620
0.582203
0.608977
0.594297
0.587944
0.606980
0.591993
0.607186
0.597063
0.607332
0.596815
0.592420
0.581931
0.611062
0.602907
0.603232
0.599038
0.611964
0.593062
0.580489
0.588923
0.589888
0.604106
0.601460
0.598984
0.593770
0.589696
0.583476
0.591819
0.593140
0.602594
0.595382
0.583792
0.592547
0.593041
0.596667
0.584325
0.584873
0.607113
0.605633
0.590808
0.590818
0.582932
0.601776
0.588605
0.608260
0.604803
0.598388
0.606212
0.584042
0.590339
0.579859
0.584188
0.591109
0.588061
0.592069
0.596678
0.581740
0.606790
0.588279
0.601498
0.590385
0.602484
0.603184
0.594171
0.600756
0.601646
0.578299
0.577908
0.598816
0.578083
0.587491
0.601840
0.600258
0.599319
0.580158
0.600788
0.588160
0.592100
0.596516
0.594240
0.589619
0.598320
0.591891
0.583062
0.586506
0.577833
0.583505
0.585596
0.588535
0.579665
0.572493
0.591155
0.584547
0.588489
0.577153
0.584890
0.601366
0.605824
0.595963
0.589414
0.587289
0.591631
0.590796
0.575564
0.589950
0.604576
0.591772
0.587857
0.577710
0.598907
0.600191
0.580740
0.594438
0.602462
0.604336
0.608524
0.598129
0.608579
0.597970
0.593549
0.606605
0.589388
0.599449
0.596697
0.575411
0.597312
0.584136
0.588114
0.604450
0.593541
0.597785
0.593435
0.589955
0.609260
0.607603
0.602953
0.601507
0.604391
0.580575
0.596915
0.591291
0.581038
0.587093
0.594665
0.594240
0.598328
0.581182
0.600154
0.600059
0.589675
0.604574
0.592153
0.585096
0.591785
0.588542
0.592587
0.594610
0.592411
0.590294
0.591190
0.607021
0.613063
0.585005
0.597967
0.600975
0.587251
0.601088
0.583918
0.594872
0.587202
0.577563
0.595682
0.593085
0.587044
0.588973
0.595691
0.600462
0.617304
0.572762
0.586831
0.589270
0.589063
0.597909
0.588131
0.597982
0.600698
0.595225
0.604228
0.590888
0.599184
0.594143
0.596189
0.611748
0.596984
0.593879
0.586761
0.577948
0.595092
0.573020
0.590297
0.585549
0.599252
0.594102
0.606629
0.599221
0.588768
0.591110
0.604146
0.576921
0.600626
0.589949
0.585267
0.584568
0.601517
0.585518
0.595061
0.601387
0.593484
0.582516
0.597010
0.589923
0.589546
0.584960
0.599682
0.574868
0.590021
0.584742
0.582279
0.604422
0.610507
0.597971
0.608518
0.588663
0.598510
0.589311
0.596453
0.598245
0.597473
0.590664
0.597667
0.598452
0.598637
0.591579
0.593063
0.583501
0.597548
0.587382
0.604076
0.598664
0.592014
0.582331
0.594001
0.584359
0.573034
0.587368
0.586166
0.602112
0.611317
0.607660
0.591154
0.603467
0.583212
0.587128
0.592607
0.597666
0.577245
0.595729
0.600852
0.597607
0.568997
0.587203
0.578905
0.592719
0.605915
0.588561
0.594107
0.583652
0.583531
0.581948
0.596133
0.587881
0.605985
0.576628
0.597693
0.576562
0.587766
0.591718
0.593205
0.608593
0.598262
0.588144
0.603992
0.590124
0.591909
0.596735
0.575419
0.589755
0.598210
0.601627
0.597086
0.585306
0.597389
0.598332
0.573656
0.582857
0.563442
0.586285
0.595700
0.592663
0.596668
0.584308
0.583735
0.588034
0.597608
0.594068
0.591077
0.585543
0.579310
0.582984
0.589791
0.593192
0.579621
0.604012
0.599210
0.597297
0.600085
0.570321
0.608226
0.578563
0.586710
0.576868
0.575702
0.591374
0.600136
0.572816
0.572352
0.584825
0.595756
0.578755
0.588216
0.599871
0.596074
0.590644
0.594280
0.598310
0.613601
0.592468
0.592992
0.585753
0.589115
0.593864
0.594884
0.600203
0.593464
0.608227
0.599746
0.583287
0.590603
0.585383
0.604261
0.587762
0.603167
0.582723
0.592788
0.584664
0.591936
0.598663
0.595765
0.578729
0.584131
0.594129
0.587362
0.588352
0.588249
0.589285
0.581412
0.601357
0.583723
0.581652
0.578850
0.592851
0.583391
0.589757
0.584800
0.596659
0.609119
0.598373
0.589267
0.592583
0.587748
0.594419
0.602336
0.597633
0.576721
0.586902
0.590652
0.595508
0.600854
0.586319
0.580830
0.580707
0.617463
0.590106
0.586465
0.597369
0.587455
0.587348
0.581819
0.596977
0.585489
0.590623
0.582048
0.578523
0.594320
0.605080
0.574503
0.614273
0.606789
0.598435
0.613313
0.584401
0.587832
0.582572
0.594334
0.586858
0.591810
0.599518
0.581249
0.583368
0.582383
0.597980
0.598680
0.580787
0.596060
0.603489
0.593059
0.602108
0.604647
0.592888
0.591304
0.597127
0.593828
0.583567
0.580429
0.571931
0.591720
0.588886
0.610221
0.586770
0.600386
0.586272
0.584343
0.587398
0.610384
0.601878
0.599068
0.600893
0.605293
0.576257
0.590970
0.605306
0.577447
0.578537
0.595320
0.609343
0.600631
0.606070
0.572757
0.595520
0.596216
0.592372
0.593050
0.587160
0.585227
0.596311
0.587626
0.588377
0.602331
0.605693
0.585509
0.604703
0.602918
0.582367
0.592261
0.600296
0.603622
0.596070
0.611334
0.596740
0.584072
0.609573
0.599886
0.598664
0.608127
0.581383
0.590117
0.594089
0.597554
0.588232
0.579633
0.603593
0.581180
0.600794
0.587292
0.598059
0.592447
0.594524
0.600551
0.582569
0.592375
0.594845
0.587596
0.598697
0.591302
0.593864
0.585337
0.588082
0.592113
0.594297
0.588128
0.602232
0.608311
0.603971
0.587174
0.585165
0.592992
0.585166
0.587484
0.589929
0.585151
0.604719
0.593626
0.585941
0.592916
0.612683
0.577103
0.597588
0.586594
0.585571
0.597601
0.591631
0.588087
0.602933
0.581500
0.590299
0.592477
0.597538
0.591320
0.606998
0.596538
0.597137
0.579729
0.593383
0.602882
0.609818
0.583810
0.584425
0.594308
0.597114
0.592290
0.584306
0.589036
0.592470
0.592749
0.605774
0.596069
0.606115
0.575464
0.593626
0.608216
0.606076
0.616051
0.592653
0.596761
0.590763
0.596466
0.606776
0.577548
0.594659
0.593768
0.573108
0.590748
0.583539
0.603179
0.586529
0.576145
0.592028
0.588171
0.590944
0.597404
0.577412
0.595548
0.600553
0.602087
0.588049
0.612874
0.584127
0.585963
0.604716
0.591869
0.597072
0.577830
0.596307
0.618644
0.603321
0.601943
0.593772
0.598018
0.592497
0.604199
0.609771
0.572534
0.602095
0.587934
0.591403
0.597198
0.600816
0.578561
0.604390
0.592650
0.592431
0.587031
0.586888
0.565891
0.592148
0.604791
0.584814
0.604033
0.590237
0.581530
0.594861
0.573895
0.567405
0.594930
0.601538
0.593663
0.596932
0.569756
0.593762
0.606271
0.599783
0.588209
0.601810
0.601779
0.586480
0.578790
0.597696
0.565445
0.604485
0.586319
0.589728
0.590999
0.584577
0.594988
0.598303
0.588180
0.610828
0.605257
0.612093
0.604351
0.593859
0.602530
0.588733
0.589364
0.600269
0.595024
0.580364
0.610751
0.569603
0.585984
0.582900
0.597976
0.598029
0.577950
0.604146
0.583729
0.597218
0.585738
0.588130
0.597596
0.604427
0.596901
0.590956
0.604883
0.602117
0.587709
0.591637
0.592733
0.600597
0.583973
0.586978
0.603371
0.578505
0.592831
0.598746
0.588888
0.588476
0.589543
0.571965
0.606258
0.584287
0.588909
0.593324
0.585024
0.599624
0.598388
0.589015
0.595243
0.598259
0.599873
0.560730
0.596222
0.603582
0.588728
0.587017
0.601136
0.609492
0.596921
0.587295
0.607727
0.602539
0.591232
0.619015
0.601997
0.586375
0.593942
0.583073
0.603999
0.601126
0.581822
0.593003
0.596299
0.601015
0.598153
0.598996
0.592718
0.576974
0.589013
0.605074
0.584855
0.604967
0.592885
0.599992
0.593383
0.594384
0.603281
0.589404
0.612695
0.601155
0.588628
0.575894
0.588289
0.589606
0.597350
0.599606
0.583745
0.609187
0.596752
0.594202
0.588200
0.577670
0.596118
0.587711
0.590828
0.588699
0.596038
0.583562
0.606287
0.611186
0.597066
0.577107
0.583249
0.585049
0.583498
0.607109
0.600148
0.583989
0.605963
0.598006
0.606720
0.599165
0.587083
0.562626
0.598718
0.569147
0.593588
0.575607
0.588615
0.595992
0.596047
0.578683
0.580685
0.610984
0.590464
0.592537
0.591952
0.588068
0.597067
0.581297
0.599205
0.589228
0.582539
0.598456
0.597009
0.593049
0.595406
0.594477
0.590575
0.585412
0.588887
0.584015
0.577569
0.606966
0.608579
0.592102
0.590195
0.596892
0.591831
0.594467
0.596070
0.590329
0.573470
0.597259
0.594204
0.588010
0.590642
0.604146
0.596060
0.595043
0.590733
0.577697
0.597336
0.594531
0.593216
0.581111
0.594173
0.593344
0.605271
0.589209
0.589223
0.585873
0.591535
0.594014
0.579333
0.586567
0.597718
0.596509
0.598867
0.606957
0.577005
0.618907
0.594778
0.588382
0.585454
0.613199
0.609705
0.596009
0.602322
0.588433
0.589543
0.588957
0.594944
0.588211
0.594982
0.571864
0.596240
0.594854
0.592880
0.603202
0.616609
0.601985
0.606804
0.590087
0.593228
0.586273
0.611544
0.611491
0.581386
0.594455
0.585061
0.574239
0.611523
0.584725
0.595956
0.602991
0.589147
0.587625
0.594504
0.602252
0.584207
0.608923
0.601368
0.597852
0.613584
0.597764
0.593521
0.603549
0.594702
0.586331
0.588901
0.588221
0.594676
0.591581
0.604803
0.581295
0.587194
0.582717
0.577596
0.585742
0.609410
0.593002
0.591791
0.578116
0.575954
0.586725
0.595684
0.606585
0.594566
0.597846
0.591459
0.595929
0.580330
0.592765
0.572549
0.604492
0.610804
0.576756
0.602607
0.592717
0.593410
0.575609
0.590199
0.610535
0.601003
0.595040
0.610415
0.599209
0.592432
0.589220
0.594889
0.583488
0.610634
0.588508
0.583029
0.602781
0.611176
0.586191
0.587275
0.582844
0.581250
0.595800
0.600305
0.577797
0.584186
0.580568
0.619497
0.573499
0.584478
0.594003
0.586726
0.588371
0.579949
0.622050
0.610088
0.599811
0.587174
0.582793
0.585676
0.587972
0.574825
0.568766
0.595695
0.588094
0.586111
0.580343
0.590271
0.602057
0.579746
0.599830
0.602467
0.595397
0.605512
0.587467
0.593743
0.584589
0.593154
0.589448
0.591660
0.596015
0.587279
0.611335
0.600056
0.595981
0.601963
0.592316
0.597400
0.615723
0.603574
0.594428
0.587400
0.579090
0.599905
0.595497
0.606035
0.588960
0.600641
0.575316
0.597207
0.606829
0.611607
0.591459
0.595096
0.603690
0.587224
0.593959
0.585543
0.598782
0.606070
0.594520
0.593801
0.587376
0.583123
0.601952
0.597576
0.595417
0.612106
0.586528
0.586789
0.600096
0.588475
0.588156
0.598920
0.593034
0.579572
0.580682
0.592064
0.601099
0.597548
0.577848
0.592288
0.592274
0.602204
0.597656
0.587604
0.600172
0.602283
0.582137
0.579803
0.577759
0.584660
0.574475
0.592471
0.618236
0.596302
0.586019
0.569669
0.581619
0.590129
0.579753
0.583172
0.577850
0.583066
0.607325
0.606930
0.576859
0.583201
0.585415
0.584810
0.576964
0.594671
0.602904
0.596924
0.584230
0.605206
0.582865
0.589783
0.600189
0.606105
0.586987
0.595717
0.603742
0.587772
0.594572
0.579325
0.572970
0.590982
0.628980
0.590996
0.595909
0.589842
0.612975
0.593455
0.612760
0.601879
0.600098
0.583650
0.603611
0.590773
0.595295
0.609154
0.596713
0.587148
0.584504
0.582644
0.593622
0.603728
0.596739
0.595608
0.611170
0.595823
0.586730
0.600307
0.598743
0.586378
0.605446
0.584939
0.585378
0.587779
0.595266
0.598990
0.598113
0.583878
0.602309
0.591688
0.586595
0.594302
0.590084
0.593316
0.583822
0.604891
0.604545
0.579331
0.600460
0.599587
0.588802
0.589014
0.589329
0.610575
0.601577
0.591389
0.604320
0.588275
0.595843
0.577655
0.589221
0.575949
0.602396
0.601479
0.595685
0.587031
0.584955
0.596509
0.603041
0.611386
0.586862
0.578752
0.578985
0.604544
0.585664
0.604529
0.582233
0.604653
0.586142
0.587099
0.598550
0.571770
0.608983
0.590849
0.603190
0.614289
0.597534
0.591130
0.578853
0.601606
0.589195
0.587202
0.587393
0.587766
0.608553
0.584989
0.601716
0.580949
0.580703
0.597874
0.588841
0.593252
0.593702
0.598843
0.577734
0.592199
0.602914
0.589590
0.573490
0.584867
0.576392
0.596376
0.575795
0.596617
0.585771
0.599596
0.594390
0.596292
0.597246
0.612948
0.577410
0.586259
0.589704
0.595963
0.576407
0.594727
0.596808
0.583229
0.595066
0.589498
0.601997
0.591593
0.602850
0.596616
0.607905
0.583554
0.585086
0.590686
0.585923
0.579459
0.602051
0.599555
0.593466
0.583797
0.595983
0.594204
0.581907
0.569074
0.589301
0.592262
0.591662
0.603688
0.578380
0.582771
0.589202
0.580523
0.589030
0.581457
0.587292
0.602755
0.592659
0.590589
0.607442
0.594941
0.584420
0.592661
0.604445
0.603430
0.589722
0.584740
0.569800
0.605390
0.587159
0.593699
0.582539
0.603032
0.592187
0.592904
0.582683
0.611521
0.605703
0.589175
0.599140
0.596482
0.605038
0.599910
0.601079
0.584078
0.604079
0.573140
0.588830
0.582719
0.578864
0.574915
0.590324
0.602505
0.590569
0.590905
0.597895
0.588439
0.578878
0.579311
0.577006
0.563323
0.597200
0.590526
0.579471
0.592987
0.595739
0.598701
0.592296
0.600291
0.587762
0.594922
0.576762
0.575807
0.594170
0.579349
0.591459
0.599072
0.584308
0.572039
0.595432
0.596280
0.581271
0.601161
0.588195
0.594084
0.613492
0.576652
0.573125
0.605517
0.575591
0.600143
0.597027
0.593420
0.595176
0.594137
0.581110
0.598135
0.600415
0.580581
0.582554
0.590684
0.586760
0.592469
0.598982
0.597715
0.589970
0.593120
0.582200
0.583521
0.585001
0.597879
0.579700
0.584730
0.593959
0.598379
0.603594
0.589909
0.597122
0.589375
0.587779
0.594303
0.596200
0.597174
0.615802
0.601583
0.582282
0.626931
0.591773
0.581679
0.604150
0.591928
0.601795
0.577113
0.593571
0.578281
0.573293
0.580932
0.603447
0.587291
0.590628
0.589847
0.580655
0.592178
0.590921
0.604487
0.566768
0.577421
0.596246
0.599756
0.595417
0.593903
0.593045
0.590435
0.583807
0.584370
0.598593
0.571509
0.591023
0.619409
0.606463
0.588622
0.594233
0.601687
0.566288
0.592413
0.590554
0.603124
0.583564
0.610194
0.590875
0.615846
0.577697
0.600349
0.589481
0.591040
0.595806
0.606008
0.600959
0.596631
0.584653
0.616832
0.598690
0.605453
0.588194
0.592324
0.602253
0.578000
0.597558
0.594123
0.586542
0.604060
0.609198
0.605903
0.596288
0.589549
0.603529
0.610483
0.594163
0.590251
0.603748
0.587914
0.591488
0.587915
0.588562
0.587509
0.585772
0.591313
0.581265
0.593040
0.608127
0.591351
0.602251
0.600337
0.582201
0.593451
0.602650
0.593111
0.584315
0.591001
0.590172
0.589321
0.597487
0.595306
0.598540
0.589105
0.579402
0.619887
0.603666
0.597016
0.579836
0.615735
0.590195
0.600415
0.596690
0.575593
0.588691
0.575729
0.602950
0.589436
0.580260
0.598906
0.622532
0.594478
0.592836
0.613377
0.586432
0.601683
0.602395
0.599070
0.595865
0.615451
0.575821
0.594510
0.599535
0.590786
0.602575
0.580752
0.586933
0.615439
0.591843
0.581037
0.591042
0.583803
0.589110
0.594343
0.591788
0.577956
0.582821
0.607976
0.569512
0.607555
0.584403
0.573285
0.592733
0.586927
0.597065
0.590667
0.579720
0.603686
0.598423
0.564406
0.592066
0.591853
0.608710
0.589999
0.593194
0.583260
0.586760
0.584442
0.574654
0.590884
0.586600
0.584088
0.572445
0.593349
0.595007
0.570848
0.590159
0.593788
0.587323
0.589043
0.600303
0.599717
0.594732
0.587955
0.571232
0.606477
0.596381
0.597917
0.582090
0.595366
0.585357
0.604753
0.609933
0.587142
0.578225
0.584260
0.575465
0.590236
0.598472
0.592002
0.587810
0.579920
0.597590
0.588273
0.600834
0.595922
0.604688
0.594646
0.603925
0.582770
0.605427
0.573200
0.581004
0.604376
0.587686
0.586933
0.596584
0.604968
0.594064
0.586125
0.602285
0.598027
0.601069
0.583572
0.593009
0.612049
0.594937
0.589140
0.588651
0.575049
0.594852
0.595012
0.601316
0.585747
0.587601
0.582185
0.586075
0.582219
0.598160
0.593167
0.586827
0.601095
0.575429
0.596233
0.596339
0.601076
0.592659
0.594278
0.576520
0.603942
0.577661
0.589387
0.586557
0.593147
0.595038
0.611279
0.580640
0.584605
0.601743
0.592349
0.597450
0.585571
0.597271
0.583638
0.596506
0.577469
0.598900
0.601838
0.593971
0.596019
0.585899
0.591640
0.601508
0.585912
0.563767
0.586884
0.580859
0.592389
0.591304
0.601898
0.586838
0.605336
0.589857
0.597848
0.588095
0.588263
0.597410
0.583032
0.590408
0.582187
0.603118
0.584933
0.592136
0.581205
0.589605
0.585138
0.587204
0.600837
0.595016
0.600232
0.598286
0.596474
0.606362
0.590143
0.596633
0.587509
0.590899
0.603434
0.606611
0.591589
0.603358
0.591115
0.576469
0.589265
0.592595
0.599457
0.583364
0.591337
0.585261
0.605436
0.556010
0.598099
0.586227
0.593103
0.600281
0.589228
0.586931
0.595346
0.598747
0.594764
0.600768
0.615214
0.594501
0.580575
0.585564
0.579775
0.590835
0.595822
0.595544
0.605729
0.589980
0.595776
0.582519
0.580873
0.598275
0.581718
0.594467
0.577697
0.587135
0.593284
0.598398
0.599695
0.601805
0.582902
0.595247
0.588388
0.589847
0.583571
0.590375
0.602200
0.615524
0.599379
0.593825
0.597809
0.593144
0.583822
0.581169
0.595819
0.586498
0.584655
0.595274
0.597984
0.594403
0.581013
0.598128
0.590207
0.590922
0.598708
0.568661
0.593536
0.594732
0.606443
0.587067
0.617453
0.596644
0.592266
0.600177
0.595874
0.597294
0.601255
0.587880
0.606544
0.602458
0.602725
0.576141
0.582628
0.587618
0.585171
0.568504
0.592339
0.585638
0.621598
0.585657
0.585778
0.582057
0.585279
0.584946
0.594414
0.588688
0.589681
0.586888
0.604598
0.582055
0.589189
0.607034
0.579422
0.569960
0.584712
0.584642
0.589831
0.610612
0.594505
0.591094
0.599996
0.577363
0.600297
0.593019
0.602377
0.581013
0.589966
0.617244
0.584236
0.582684
0.588770
0.570382
0.596296
0.590371
0.602856
0.588358
0.599317
0.598714
0.592181
0.594308
0.559787
0.587252
0.578641
0.595420
0.602201
0.594822
0.592021
0.587204
0.586255
0.594121
0.585061
0.605118
0.601858
0.604928
0.591807
0.600367
0.592261
0.593393
0.599048
0.614854
0.571487
0.597196
0.603017
0.578716
0.586785
0.576894
0.587799
0.598141
0.587304
0.582725
0.579904
0.570592
0.596413
0.598180
0.581204
0.582989
0.590323
0.585674
0.588746
0.593181
0.594739
0.595640
0.595061
0.601945
0.569492
0.586733
0.585601
0.573897
0.578506
0.593320
0.589445
0.593769
0.593216
0.592598
0.592612
0.590750
0.595373
0.599201
0.601835
0.587841
0.598615
0.595734
0.600888
0.602217
0.596744
0.596227
0.604100
0.582199
0.585743
0.592836
0.590596
0.586588
0.589639
0.605567
0.588457
0.599362
0.591635
0.592584
0.589048
0.600784
0.594499
0.598908
0.592395
0.587107
0.583270
0.583754
0.589485
0.594362
0.581895
0.594460
0.606371
0.575742
0.603676
0.595048
0.591449
0.591394
0.583698
0.599632
0.594914
0.572592
0.590587
0.598312
0.580922
0.585392
0.607887
0.573082
0.602363
0.604996
0.605657
0.600407
0.600442
0.595867
0.600531
0.582764
0.594115
0.579545
0.574217
0.596961
0.587510
0.583622
0.587208
0.589616
0.595259
0.589528
0.581507
0.592376
0.597882
0.579501
0.597776
0.588280
0.593547
0.587009
0.589956
0.585714
0.600227
0.606722
0.599514
0.591097
0.588632
0.586898
0.589112
0.575786
0.610701
0.598973
0.590227
0.581736
0.598442
0.599629
0.606654
0.594936
0.594823
0.588217
0.570045
0.597440
0.588077
0.602870
0.586365
0.601776
0.592671
0.583323
0.582424
0.595652
0.586005
0.599050
0.587628
0.581908
0.584708
0.580044
0.590446
0.586301
0.598126
0.576272
0.599339
0.601246
0.574660
0.579794
0.591640
0.593416
0.591883
0.591264
0.599917
0.584821
0.592043
0.590572
0.582465
0.608634
0.581556
0.598779
0.586425
0.589234
0.582001
0.594015
0.588311
0.599259
0.605765
0.595043
0.601288
0.620149
0.581177
0.601722
0.583969
0.604040
0.595622
0.593186
0.581201
0.572950
0.592561
0.608615
0.595087
0.593327
0.584589
0.608344
0.588949
0.611454
0.587683
0.593252
0.576747
0.592937
0.587473
0.592196
0.591395
0.584917
0.592870
0.595709
0.601493
0.582551
0.598417
0.613788
0.583201
0.581260
0.578540
0.599178
0.573153
0.600908
0.587661
0.590473
0.588896
0.612847
0.588538
0.592268
0.590285
0.604377
0.603187
0.595070
0.592818
0.600614
0.594392
0.574133
0.570973
0.583233
0.618663
0.608235
0.584081
0.593061
0.600456
0.601664
0.591967
0.592013
0.591072
0.584362
0.591313
0.589626
0.577606
0.577291
0.587847
0.585227
0.603232
0.590518
0.583047
0.599394
0.596239
0.583433
0.600131
0.598370
0.601443
0.581254
0.603763
0.583190
0.583858
0.592215
0.605529
0.595992
0.607665
0.595336
0.600730
0.588575
0.590160
0.603982
0.602590
0.604075
0.593126
0.585949
0.606046
0.590662
0.606477
0.582530
0.596259
0.587835
0.612095
0.600305
0.583342
0.578378
0.587423
0.586598
0.598347
0.602470
0.602659
0.594212
0.605120
0.589541
0.597064
0.599259
0.586154
0.599105
0.592576
0.607068
0.586165
0.595100
0.576141
0.597528
0.605012
0.585644
0.608652
0.576628
0.593480
0.595909
0.609566
0.552147
0.572659
0.591358
0.602120
0.603815
0.576649
0.570740
0.591226
0.594534
0.593447
0.598415
0.582640
0.583971
0.581803
0.590221
0.591031
0.596206
0.584044
0.587533
0.585083
0.597483
0.588777
0.594209
0.590236
0.598447
0.597052
0.606609
0.595147
0.607082
0.571018
0.609249
0.594773
0.581639
0.609219
0.591481
0.594879
0.600939
0.604708
0.605687
0.583762
0.588881
0.576949
0.592367
0.601277
0.574736
0.605600
0.595685
0.592102
0.596859
0.592659
0.601131
0.600608
0.597287
0.596629
0.587855
0.604129
0.586502
0.618862
0.579939
0.586423
0.598104
0.595621
0.597266
0.593351
0.586215
0.569001
0.595232
0.605004
0.602338
0.592589
0.602374
0.586942
0.586113
0.594021
0.602371
0.588602
0.605079
0.569915
0.593479
0.587818
0.592880
0.599374
0.589859
0.592527
0.607016
0.582932
0.597499
0.591308
0.590456
0.610220
0.597411
0.587667
0.582629
0.601764
0.608466
0.588248
0.602542
0.586360
0.581375
0.599813
0.609995
0.592675
0.601169
0.576584
0.587364
0.589590
0.600886
0.592088
0.604705
0.598174
0.586879
0.584017
0.597019
0.584567
0.585788
0.595329
0.607349
0.603308
0.583993
0.596717
0.582261
0.602877
0.598198
0.599198
0.614000
0.591268
0.609236
0.587597
0.593874
0.603283
0.598171
0.586816
0.586536
0.604349
0.604941
0.587591
0.577605
0.589305
0.594243
0.580205
0.590387
0.620925
0.595244
0.597129
0.590581
0.561572
0.598143
0.610072
0.591250
0.579198
0.575846
0.574754
0.589817
0.615569
0.615335
0.606280
0.607919
0.601561
0.613036
0.613120
0.592770
0.580981
0.573004
0.590732
0.586982
0.584245
0.605213
0.602245
0.606955
0.591340
0.578180
0.608199
0.586592
0.595955
0.598123
0.612970
0.599787
0.610850
0.579421
0.611133
0.587527
0.589540
0.587701
0.606481
0.576034
0.568200
0.600662
0.583322
0.592152
0.597621
0.612630
0.583329
0.582716
0.602878
0.605943
0.606168
0.600597
0.590956
0.584674
0.596607
0.587797
0.593800
0.584822
0.590948
0.584591
0.590180
0.602744
0.603621
0.601183
0.591199
0.585738
0.572458
0.574987
0.591182
0.595539
0.594870
0.589074
0.596146
0.595548
0.588936
0.613165
0.589581
0.572885
0.596950
0.586823
0.590405
0.580089
0.579566
0.602535
0.593374
0.600468
0.589527
0.587770
0.597898
0.611363
0.571220
0.602446
0.601314
0.582638
0.613667
0.608116
0.590506
0.595644
0.595659
0.586580
0.609510
0.596787
0.568129
0.576606
0.598065
0.585361
0.598617
0.594923
0.591010
0.593718
0.587408
0.608906
0.580139
0.576411
0.603468
0.594986
0.596689
0.596868
0.585537
0.597831
0.586012
0.592777
0.604037
0.580636
0.600085
0.585997
0.605156
0.597886
0.581811
0.593050
0.591332
0.610533
0.587128
0.580121
0.601858
0.601132
0.589345
0.585918
0.594993
0.597790
0.575978
0.585685
0.595103
0.605615
0.593146
0.588596
0.594788
0.590033
0.582312
0.585967
0.592935
0.595896
0.583810
0.587625
0.591107
0.583490
0.596279
0.604089
0.588308
0.583930
0.606966
0.598737
0.612579
0.597553
0.607448
0.582696
0.608679
0.607569
0.607047
0.594237
0.597126
0.610846
0.589980
0.591706
0.575421
0.585536
0.583605
0.594233
0.588393
0.585794
0.587660
0.609752
0.587338
0.591484
0.604564
0.572090
0.607057
0.579939
0.588949
0.608462
0.587541
0.575847
0.578691
0.589365
0.580226
0.564860
0.598057
0.578183
0.582789
0.593715
0.586617
0.585784
0.606236
0.603450
0.594612
0.609027
0.597648
0.591268
0.588916
0.582027
0.595082
0.610494
0.587299
0.599144
0.580462
0.599012
0.598346
0.598682
0.587163
0.585290
0.584970
0.582319
0.605539
0.592532
0.614352
0.594587
0.587978
0.571949
0.611404
0.593905
0.592585
0.602053
0.586932
0.585642
0.589070
0.581302
0.593793
0.570625
0.596131
0.593910
0.600188
0.596833
0.586005
0.575811
0.589067
0.565134
0.585374
0.583176
0.584202
0.578188
0.569979
0.596366
0.612171
0.595438
0.592801
0.608360
0.600240
0.583086
0.597900
0.604936
0.589974
0.610845
0.593485
0.589918
0.570989
0.586697
0.594349
0.592577
0.593390
0.596713
0.602063
0.609044
0.585087
0.598251
0.598068
0.601738
0.606264
0.569482
0.588439
0.583905
0.606888
0.582724
0.589643
0.565952
0.579404
0.588881
0.594038
0.584707
0.611916
0.577733
0.609262
0.570020
0.586633
0.588998
0.588673
0.592481
0.579146
0.603053
0.582117
0.587617
0.579331
0.584992
0.584226
0.601011
0.582397
0.582130
0.597088
0.593302
0.598508
0.602004
0.584466
0.594677
0.596742
0.597275
0.593107
0.592350
0.605619
0.589969
0.600044
0.616481
0.596670
0.572679
0.580353
0.598110
0.604930
0.598392
0.582816
0.587545
0.590893
0.577724
0.599505
0.591142
0.605638
0.581955
0.592037
0.601398
0.592720
0.586915
0.589699
0.593915
0.605175
0.596431
0.580104
0.595079
0.585987
0.590416
0.577290
0.601197
0.596034
0.575096
0.599464
0.594026
0.581997
0.593029
0.580497
0.601448
0.591232
0.594940
0.603682
0.589335
0.595438
0.596853
0.581326
0.580956
0.594555
0.572781
0.593276
0.568619
0.597800
0.604339
0.594628
0.588789
0.608461
0.595232
0.613307
0.586112
0.587876
0.588296
0.598844
0.603621
0.578231
0.602639
0.596539
0.590017
0.596926
0.586079
0.604054
0.599388
0.591125
0.604528
0.601367
0.606125
0.590266
0.587826
0.595646
0.597844
0.622765
0.586133
0.578130
0.591143
0.580418
0.595839
0.595547
0.587467
0.599637
0.589383
0.590511
0.605061
0.593987
0.599911
0.599111
0.591116
0.570441
0.594848
0.593653
0.599617
0.592335
0.586336
0.583836
0.613355
0.586333
0.586733
0.611228
0.603134
0.583658
0.587872
0.599551
0.596693
0.599401
0.605003
0.582605
0.589451
0.604614
0.598183
0.571589
0.592279
0.580424
0.608746
0.595175
0.578343
0.597176
0.603411
0.596174
0.588263
0.619449
0.590874
0.611027
0.576686
0.605835
0.605537
0.601857
0.580635
0.583962
0.596330
0.588833
0.593876
0.578858
0.599991
0.589210
0.585181
0.601519
0.609817
0.585731
0.596100
0.613642
0.592024
0.594798
0.602973
0.598892
0.584649
0.599862
0.611139
0.592414
0.596544
0.581291
0.573285
0.589067
0.595840
0.561063
0.577382
0.600094
0.601496
0.585402
0.591544
0.608417
0.604338
0.596012
0.581387
0.601442
0.597361
0.582523
0.596083
0.603842
0.606354
0.600622
0.587528
0.599422
0.589532
0.597608
0.593177
0.601153
0.592768
0.586743
0.593491
0.591106
0.609509
0.605014
0.587456
0.596312
0.596982
0.582259
0.592200
0.607768
0.600123
0.587703
0.593349
0.593520
0.585612
0.590946
0.582706
0.592248
0.586204
0.590084
0.588879
0.600379
0.583361
0.599376
0.599929
0.585967
0.600930
0.593572
0.616834
0.576541
0.588934
0.580889
0.588977
0.599964
0.590244
0.603467
0.595502
0.587609
0.612651
0.583821
0.589946
0.598586
0.591207
0.601002
0.566849
0.603389
0.599500
0.605491
0.593305
0.592613
0.586650
0.602527
0.585476
0.573026
0.597372
0.590706
0.586365
0.592845
0.591084
0.606751
0.580710
0.589273
0.602369
0.574928
0.609448
0.617303
0.592782
0.582808
0.591170
0.594561
0.600820
0.570901
0.588769
0.591577
0.594059
0.577341
0.574073
0.612436
0.594107
0.592553
0.591693
0.591464
0.589690
0.596982
0.590112
0.588378
0.605265
0.573435
0.595428
0.597428
0.581968
0.600794
0.602847
0.602918
0.587111
0.612468
0.597628
0.606578
0.593538
0.581548
0.599666
0.577684
0.578991
0.585707
0.582216
0.593261
0.603092
0.599405
0.581510
0.581863
0.580348
0.576995
0.590150
0.585416
0.590959
0.598706
0.601775
0.611847
0.595505
0.600428
0.605556
0.597943
0.604267
0.603649
0.600827
0.575912
0.603568
0.580688
0.583313
0.593202
0.597674
0.585793
0.590007
0.604258
0.599916
0.598756
0.595993
0.567774
0.585748
0.594445
0.607609
0.595562
0.596070
0.609022
0.602645
0.602241
0.589403
0.581882
0.609387
0.611868
0.593656
0.612029
0.579668
0.588354
0.598264
0.587390
0.574451
0.580031
0.589978
0.613262
0.574862
0.585328
0.594161
0.610079
0.571162
0.598124
0.591768
0.596377
0.580226
0.588176
0.598434
0.588752
0.577375
0.605423
0.605992
0.574648
0.596977
0.604437
0.591484
0.592008
0.597721
0.594368
0.578704
0.593325
0.585739
0.591865
0.598126
0.587138
0.599777
0.598950
0.598232
0.600227
0.584459
0.601514
0.594661
0.597823
0.585765
0.576013
0.601634
0.604946
0.577667
0.589994
0.584405
0.592394
0.595742
0.598977
0.588474
0.577895
0.585536
0.596777
0.588687
0.585764
0.599599
0.589757
0.593730
0.574275
0.611242
0.585020
0.565956
0.595752
0.588889
0.584834
0.592693
0.603649
0.602327
0.579737
0.582553
0.584923
0.572237
0.598904
0.571563
0.605588
0.585417
0.608833
0.577370
0.599877
0.579991
0.581153
0.585328
0.588684
0.605737
0.598852
0.596087
0.608273
0.578996
0.590483
0.593460
0.573965
0.580365
0.588499
0.603401
0.593843
0.589222
0.602167
0.585730
0.586070
0.585489
0.589614
0.589265
0.580142
0.590467
0.582231
0.588960
0.589230
0.585021
0.594698
0.603188
0.608545
0.587336
0.608485
0.611286
0.592204
0.601240
0.600648
0.602334
0.607701
0.598641
0.596498
0.594262
0.578041
0.600719
0.586074
0.589633
0.591846
0.599068
0.614156
0.579482
0.588024
0.577485
0.608572
0.597869
0.590181
0.584178
0.591145
0.577837
0.593863
0.598405
0.588534
0.598268
0.594913
0.585080
0.575879
0.590945
0.594159
0.588463
0.588078
0.588009
0.593520
0.593635
0.597610
0.601151
0.579095
0.592138
0.572501
0.597984
0.582371
0.587487
0.597209
0.601264
0.603335
0.585172
0.591011
0.575462
0.605782
0.587959
0.602523
0.584164
0.596292
0.583876
0.583760
0.581025
0.597915
0.606184
0.595073
0.606326
0.589477
0.592231
0.587605
0.602636
0.599189
0.590830
0.595311
0.599114
0.579550
0.601518
0.590125
0.602756
0.593026
0.589766
0.594853
0.588447
0.601429
0.585768
0.577971
0.591947
0.589121
0.596320
0.589994
0.582605
0.584850
0.597438
0.574081
0.579904
0.588499
0.593524
0.597723
0.594866
0.596157
0.604415
0.580015
0.597199
0.590444
0.599819
0.608736
0.593719
0.601823
0.597285
0.603336
0.582880
0.581289
0.603355
0.590530
0.596919
0.607522
0.606936
0.599243
0.593096
0.604671
0.591150
0.606322
0.574703
0.568385
0.593823
0.581382
0.603746
0.603942
0.588526
0.586158
0.595619
0.610043
0.595911
0.580091
0.584494
0.597943
0.601102
0.592548
0.586332
0.591563
0.609416
0.593657
0.583604
0.601478
0.598635
0.587895
0.599079
0.584576
0.608090
0.601701
0.595100
0.596469
0.586967
0.602918
0.574455
0.590444
0.604179
0.599955
0.584887
0.604347
0.589898
0.578210
0.596020
0.601131
0.609456
0.603912
0.578651
0.611208
0.592303
0.594305
0.587888
0.596974
0.590539
0.602779
0.603730
0.600348
0.593925
0.591479
0.586165
0.591685
0.601986
0.588695
0.598046
0.599997
0.599982
0.585558
0.595729
0.629799
0.586897
0.585065
0.587998
0.579592
0.576277
0.593205
0.564758
0.606037
0.577406
0.591108
0.594661
0.584461
0.588091
0.583766
0.587853
0.594210
0.593516
0.601121
0.607140
0.590373
0.581562
0.594481
0.591163
0.583510
0.614281
0.594639
0.603012
0.595629
0.588952
0.592532
0.606321
0.597873
0.591651
0.597463
0.583459
0.604101
0.598541
0.591028
0.601056
0.592165
0.586793
0.583803
0.605264
0.594633
0.587408
0.582042
0.601493
0.601684
0.593311
0.590092
0.605151
0.600564
0.583324
0.599530
0.592069
0.574034
0.587787
0.599468
0.610669
0.589545
0.576854
0.579655
0.614398
0.593055
0.590198
0.600724
0.593696
0.590864
0.590176
0.590707
0.594227
0.597225
0.589490
0.600547
0.591821
0.574930
0.584819
0.598704
0.607165
0.605490
0.584822
0.589104
0.602643
0.590438
0.589484
0.599443
0.600024
0.603643
0.596998
0.613942
0.578653
0.597064
0.594622
0.583549
0.565423
0.582901
0.588028
0.584746
0.588268
0.591476
0.605193
0.587982
0.609610
0.582250
0.599639
0.606095
0.605334
0.585617
0.592829
0.578233
0.594671
0.586644
0.586384
0.587344
0.590702
0.598079
0.602665
0.591975
0.601947
0.582530
0.582659
0.587843
0.594182
0.574574
0.586162
0.587377
0.592428
0.595274
0.572260
0.592757
0.568170
0.594138
0.588222
0.593784
0.602446
0.570834
0.597594
0.592170
0.597758
0.604390
0.577446
0.583753
0.579237
0.599124
0.590495
0.600271
0.580364
0.592236
0.585688
0.591344
0.563346
0.602626
0.587189
0.591403
0.588449
0.595139
0.591054
0.589657
0.579929
0.603945
0.583385
0.589079
0.609502
0.593533
0.600147
0.587607
0.590120
0.593515
0.614682
0.594655
0.585390
0.602530
0.584080
0.596350
0.587377
0.581527
0.603281
0.595130
0.597258
0.595546
0.581878
0.602255
0.600489
0.587916
0.591105
0.568492
0.608618
0.593886
0.592914
0.597934
0.596193
0.586818
0.613770
0.595155
0.586587
0.592458
0.601031
0.608034
0.599812
0.595332
0.609263
0.601946
0.590921
0.598624
0.595952
0.599123
0.584131
0.563701
0.590052
0.602424
0.585422
0.596272
0.595989
0.601460
0.595648
0.612343
0.589850
0.594954
0.585858
0.605694
0.586979
0.597864
0.570534
0.571702
0.593346
0.586915
0.579242
0.585093
0.591280
0.589319
0.601954
0.599788
0.591306
0.565454
0.587003
0.587733
0.587667
0.578584
0.621185
0.588275
0.584206
0.605954
0.597459
0.595914
0.594331
0.587268
0.601638
0.606477
0.568928
0.594876
0.586397
0.603053
0.600701
0.580804
0.582697
0.603875
0.587946
0.589765
0.598410
0.574236
0.599430
0.595428
0.564614
0.600754
0.581069
0.579756
0.585314
0.592116
0.611284
0.590863
0.580059
0.584981
0.586487
0.610999
0.587772
0.584676
0.586876
0.584620
0.596878
0.600789
0.582507
0.616311
0.603115
0.598930
0.595549
0.589681
0.609312
0.602931
0.570652
0.583326
0.582134
0.597481
0.605306
0.584447
0.578679
0.582083
0.585961
0.596512
0.589554
0.584722
0.586453
0.603293
0.597621
0.587165
0.579261
0.595856
0.608645
0.599184
0.587879
0.584867
0.585893
0.579640
0.594658
0.597706
0.578665
0.598928
0.590653
0.611859
0.593495
0.610068
0.600003
0.588940
0.597756
0.589544
0.606538
0.606455
0.591838
0.587556
0.588162
0.599238
0.579693
0.588973
0.578455
0.590459
0.603059
0.594220
0.584041
0.592206
0.579628
0.585592
0.592325
0.596547
0.582065
0.593418
0.595900
0.588348
0.600031
0.600515
0.606352
0.595897
0.590162
0.594406
0.594337
0.599467
0.616836
0.561798
0.584342
0.592411
0.590263
0.581451
0.587491
0.592582
0.597202
0.591028
0.562484
0.602603
0.597571
0.602077
0.602890
0.570808
0.586939
0.598185
0.567647
0.588734
0.580382
0.588809
0.589118
0.604854
0.589933
0.592840
0.599748
0.606386
0.583310
0.607241
0.594368
0.587234
0.607082
0.571375
0.588484
0.598141
0.599234
0.600849
0.605661
0.587541
0.593871
0.591537
0.594295
0.584562
0.614914
0.581579
0.583113
0.595521
0.597139
0.602821
0.610604
0.601069
0.596817
0.582376
0.581797
0.597566
0.578799
0.583254
0.599975
0.603298
0.585915
0.589548
0.578804
0.597811
0.595493
0.589432
0.590181
0.593485
0.595134
0.604029
0.598945
0.577304
0.594606
0.587312
0.567271
0.601490
0.593690
0.597446
0.588392
0.618997
0.595122
0.604538
0.600395
0.596193
0.584610
0.584414
0.586809
0.592231
0.583395
0.597999
0.606901
0.596840
0.583395
0.590645
0.595300
0.612361
0.607515
0.599463
0.593647
0.584250
0.614743
0.601323
0.603600
0.597060
0.607273
0.597651
0.580661
0.590947
0.586745
0.589938
0.597424
0.610119
0.590849
0.592359
0.600712
0.598559
0.585439
0.593070
0.589887
0.592180
0.593442
0.580810
0.573232
0.591389
0.592402
0.600337
0.595095
0.587811
0.583751
0.594833
0.592908
0.593889
0.593625
0.565491
0.597820
0.594843
0.592902
0.594231
0.606575
0.604716
0.608554
0.594827
0.600943
0.587699
0.607392
0.590898
0.580229
0.596217
0.617115
0.592706
0.604734
0.601748
0.577448
0.596970
0.585754
0.594732
0.587103
0.593458
0.590492
0.596165
0.607913
0.582100
0.589656
0.593423
0.600780
0.576992
0.589367
0.595938
0.572138
0.592024
0.600364
0.593565
0.592101
0.602553
0.596007
0.606787
0.606983
0.598231
0.574410
0.618158
0.584729
0.592954
0.606465
0.594700
0.600657
0.586082
0.591604
0.590124
0.582973
0.605951
0.597965
0.587374
0.592985
0.584270
0.603379
0.601974
0.601499
0.591891
0.602712
0.568125
0.593157
0.596708
0.581709
0.588993
0.591066
0.581182
0.573163
0.589270
0.567278
0.599671
0.587642
0.600339
0.591656
0.585176
0.595588
0.580038
0.589819
0.587857
0.604628
0.595611
0.591772
0.588596
0.582310
0.578313
0.595248
0.604316
0.603071
0.587253
0.604784
0.590628
0.574640
0.607391
0.602651
0.598412
0.603225
0.583522
0.580927
0.586557
0.584138
0.601211
0.595296
0.598165
0.609844
0.598339
0.566801
0.603160
0.574002
0.606112
0.586703
0.593321
0.585446
0.607774
0.566639
0.597878
0.583401
0.592545
0.590410
0.579325
0.603919
0.590502
0.575657
0.614061
0.585313
0.601505
0.617171
0.585977
0.585330
0.604223
0.591588
0.597718
0.582896
0.597757
0.578873
0.597276
0.585491
0.601454
0.600107
0.600245
0.606355
0.593710
0.588313
0.569581
0.600269
0.595313
0.595031
0.594036
0.587041
0.592289
0.614493
0.597970
0.585135
0.609510
0.608262
0.585084
0.581187
0.598818
0.604690
0.585623
0.598459
0.582761
0.586062
0.596475
0.595947
0.581621
0.587065
0.592770
0.575177
0.595074
0.595498
0.595622
0.588867
0.599621
0.588878
0.595144
0.598705
0.596130
0.560066
0.591333
0.597160
0.576524
0.592246
0.596428
0.613452
0.579882
0.597603
0.591938
0.599458
0.614990
0.583561
0.577373
0.612214
0.584261
0.594974
0.584687
0.593194
0.603682
0.580264
0.594999
0.593888
0.597652
0.592606
0.585383
0.576144
0.601221
0.595217
0.565975
0.597762
0.599582
0.588877
0.592673
0.606071
0.591040
0.592526
0.583800
0.595044
0.603431
0.585032
0.573040
0.578190
0.582849
0.587006
0.566348
0.588239
0.587014
0.584449
0.594436
0.611923
0.597226
0.600912
0.605838
0.596090
0.594815
0.574871
0.581524
0.592048
0.578485
0.584618
0.582392
0.577504
0.584752
0.574737
0.598332
0.590868
0.595064
0.578856
0.610850
0.590471
0.582554
0.608341
0.605579
0.605476
0.584335
0.591800
0.586650
0.593525
0.590034
0.582299
0.591101
0.581050
0.586411
0.592789
0.585480
0.594105
0.589796
0.597398
0.588685
0.594208
0.604729
0.591688
0.590228
0.582588
0.583622
0.596406
0.602169
0.584416
0.583578
0.586039
0.590299
0.599088
0.598295
0.576639
0.597303
0.611566
0.592317
0.592481
0.587147
0.577720
0.586406
0.599283
0.585160
0.577850
0.585698
0.601178
0.606815
0.604566
0.593251
0.586251
0.597030
0.594871
0.599100
0.581223
0.592595
0.627422
0.589631
0.597094
0.598317
0.593760
0.604043
0.589399
0.577597
0.594244
0.579967
0.600901
0.594735
0.608282
0.598591
0.587424
0.601187
0.592729
0.601180
0.593941
0.596725
0.578766
0.596802
0.592120
0.600602
0.592968
0.576712
0.593877
0.595689
0.590904
0.594852
0.587152
0.594585
0.607128
0.595930
0.590675
0.593524
0.585733
0.609050
0.596922
0.612894
0.605381
0.585715
0.589852
0.595552
0.582268
0.603996
0.593381
0.581225
0.574383
0.616783
0.583425
0.586190
0.603958
0.586681
0.594497
0.591704
0.603305
0.591218
0.601405
0.585856
0.586403
0.590607
0.593170
0.593501
0.580800
0.598415
0.595299
0.606796
0.588012
0.605149
0.576744
0.597260
0.580929
0.592115
0.595109
0.597865
0.574633
0.601306
0.602782
0.574220
0.588160
0.595327
0.605628
0.607697
0.596941
0.609434
0.614649
0.600154
0.581895
0.602121
0.588840
0.602863
0.595107
0.593529
0.586771
0.582433
0.598675
0.600746
0.588901
0.588048
0.612529
0.600401
0.590830
0.600278
0.594928
0.591627
0.599521
0.606791
0.586323
0.574543
0.571962
0.599845
0.583758
0.589134
0.593692
0.614719
0.592894
0.595828
0.606025
0.577290
0.583565
0.587471
0.593252
0.590263
0.587146
0.590491
0.592671
0.586941
0.593170
0.593114
0.603579
0.605903
0.603019
0.583930
0.596448
0.569427
0.601033
0.591400
0.597109
0.587271
0.599834
0.603843
0.592641
0.589051
0.602424
0.597663
0.597825
0.585712
0.594449
0.592586
0.602102
0.578281
0.587585
0.591121
0.580209
0.582523
0.596025
0.592443
0.593823
0.595442
0.570347
0.602338
0.583200
0.588446
0.582507
0.593963
0.584898
0.602793
0.574431
0.607495
0.609122
0.575482
0.577872
0.594806
0.575875
0.577439
0.582267
0.581216
0.611517
0.592665
0.585824
0.583957
0.586669
0.595853
0.590605
0.598582
0.599564
0.582448
0.584024
0.595077
0.603312
0.587367
0.581130
0.588841
0.597231
0.608354
0.590525
0.581425
0.602905
0.587935
0.590541
0.588511
0.616456
0.598716
0.583447
0.584895
0.581711
0.600215
0.585551
0.603008
0.595272
0.583790
0.600101
0.589248
0.606999
0.589715
0.586211
0.594638
0.582126
0.591406
0.596038
0.599801
0.591392
0.606261
0.585583
0.582123
0.598559
0.582527
0.579087
0.591259
0.592710
0.590887
0.600484
0.604024
0.589774
0.605167
0.574602
0.602938
0.583678
0.596910
0.582358
0.599804
0.581665
0.587110
0.578991
0.587217
0.587801
0.587060
0.581925
0.599254
0.602845
0.584995
0.593016
0.584608
0.594182
0.604381
0.595335
0.596965
0.600697
0.591320
0.585130
0.603333
0.592454
0.607350
0.578960
0.598603
0.601077
0.589450
0.577433
0.570361
0.589852
0.584834
0.595871
0.588048
0.587536
0.601645
0.604902
0.572289
0.588514
0.596591
0.612335
0.595028
0.579278
0.606550
0.580606
0.595197
0.575305
0.590322
0.604826
0.610552
0.601227
0.599462
0.594749
0.609253
0.585409
0.589394
0.601362
0.589567
0.587902
0.585754
0.605504
0.593391
0.586114
0.564870
0.588075
0.585903
0.580558
0.590453
0.584167
0.591510
0.587728
0.589262
0.562095
0.588986
0.604496
0.595114
0.582854
0.588768
0.594630
0.586486
0.594599
0.600142
0.597689
0.593566
0.598826
0.583751
0.583395
0.599062
0.600384
0.590221
0.604135
0.590395
0.596505
0.583118
0.567735
0.595141
0.594483
0.601386
0.590370
0.598439
0.586077
0.593999
0.597851
0.576932
0.592681
0.582648
0.592172
0.593176
0.593034
0.603925
0.591322
0.583580
0.598960
0.582866
0.589509
0.609962
0.578602
0.598841
0.600349
0.598989
0.588480
0.591174
0.577790
0.606069
0.610276
0.588717
0.578762
0.586947
0.583862
0.589661
0.598564
0.587761
0.597841
0.584357
0.587539
0.593498
0.599123
0.601793
0.581156
0.592605
0.584870
0.604715
0.595327
0.589898
0.590462
0.584895
0.591410
0.589418
0.574133
0.589991
0.579324
0.596002
0.588945
0.593472
0.583605
0.576303
0.586446
0.591027
0.615394
0.598582
0.583355
0.601132
0.613108
0.593096
0.587756
0.579704
0.590681
0.600253
0.601545
0.591183
0.578064
0.594055
0.592484
0.597124
0.584250
0.601862
0.587724
0.586024
0.592742
0.600752
0.580842
0.588710
0.585207
0.591459
0.588247
0.607603
0.583444
0.586050
0.601205
0.575717
0.594412
0.585494
0.594625
0.615669
0.598454
0.582339
0.610284
0.592935
0.581357
0.579347
0.598663
0.602942
0.597077
0.573808
0.594823
0.593040
0.581368
0.586145
0.592800
0.594303
0.580377
0.593238
0.595747
0.601751
0.611725
0.584585
0.590658
0.605077
0.581315
0.595372
0.596735
0.595262
0.589234
0.591383
0.593004
0.598253
0.603837
0.576626
0.606233
0.615126
0.575722
0.607423
0.583772
0.585778
0.583230
0.586088
0.598047
0.582548
0.601186
0.607217
0.585736
0.595118
0.592978
0.588042
0.583788
0.616192
0.595024
0.616984
0.597554
0.574274
0.591136
0.596031
0.591753
0.605661
0.600064
0.586388
0.590789
0.583484
0.591306
0.586121
0.593959
0.592696
0.610906
0.586240
0.589107
0.611448
0.593800
0.585372
0.595132
0.593266
0.604333
0.589392
0.585678
0.579573
0.605311
0.608195
0.592677
0.582972
0.616822
0.587983
0.581137
0.602217
0.591992
0.606056
0.570962
0.598279
0.601613
0.583737
0.588248
0.607727
0.600404
0.584805
0.595648
0.587371
0.592367
0.586040
0.592571
0.602761
0.597908
0.585611
0.598341
0.601866
0.589428
0.589566
0.597522
0.580030
0.603923
0.585406
0.576074
0.581028
0.576177
0.583225
0.589078
0.594280
0.601708
0.593178
0.584827
0.600210
0.595740
0.578912
0.597087
0.579075
0.596051
0.593934
0.577832
0.600030
0.595541
0.600196
0.588244
0.598045
0.593619
0.595236
0.576476
0.587888
0.582533
0.586588
0.592288
0.600653
0.616904
0.587302
0.597196
0.589747
0.572251
0.596433
0.591887
0.611279
0.583063
0.606651
0.583309
0.615000
0.601912
0.583917
0.595076
0.584056
0.594391
0.592052
0.589632
0.591204
0.601573
0.591417
0.582749
0.603081
0.587151
0.598785
0.599377
0.591634
0.587165
0.586535
0.588926
0.600871
0.603647
0.594635
0.606964
0.587479
0.594385
0.587910
0.591856
0.600006
0.609687
0.605468
0.585008
0.592409
0.589141
0.588018
0.577204
0.593540
0.599432
0.583419
0.584926
0.585275
0.582086
0.609989
0.578727
0.584574
0.604084
0.598900
0.582654
0.597178
0.600947
0.608147
0.584131
0.612876
0.601298
0.586944
0.598098
0.598676
0.610413
0.587466
0.585029
0.589633
0.584179
0.586884
0.590681
0.581376
0.586745
0.582190
0.578286
0.576215
0.600138
0.603503
0.578812
0.577295
0.611118
0.586996
0.588367
0.577679
0.594085
0.583384
0.589793
0.605505
0.599432
0.587887
0.581106
0.580268
0.593716
0.600151
0.596710
0.588775
0.608669
0.587438
0.612845
0.593240
0.594119
0.580940
0.594573
0.569333
0.589074
0.598847
0.589540
0.572194
0.619493
0.592649
0.602101
0.603802
0.584442
0.585058
0.589378
0.599174
0.600116
0.595849
0.579646
0.585462
0.585331
0.615871
0.606262
0.596393
0.588356
0.585492
0.592453
0.584500
0.592956
0.592382
