0.587936
0.626065
0.599883
0.625793
0.603626
0.581433
0.607028
0.558308
0.593517
0.574015
0.605101
0.558177
0.576355
0.582546
0.570009
0.560662
0.576231
0.586196
0.618186
0.572917
0.596666
0.588836
0.558512
0.590209
0.589360
0.625358
0.572252
0.568226
0.566381
0.614567
0.621298
0.561005
0.617780
0.596999
0.600037
0.606921
0.584488
0.615169
0.613229
0.585093
0.565180
0.560510
0.589832
0.603841
0.592802
0.641281
0.606493
0.598180
0.573845
0.592934
0.604333
0.597713
0.595471
0.598289
0.589507
0.631082
0.604626
0.567266
0.581457
0.570689
0.608796
0.608109
0.611366
0.570739
0.594774
0.610262
0.581625
0.583292
0.592035
0.579869
0.591712
0.617480
0.559194
0.553218
0.645208
0.584464
0.613191
0.594134
0.618918
0.637458
0.603323
0.621880
0.609869
0.603052
0.599873
0.565818
0.603382
0.561530
0.574796
0.559560
0.592878
0.565264
0.567175
0.620519
0.600290
0.601222
0.578034
0.561882
0.604742
0.624547
0.616406
0.583717
0.647578
0.572999
0.646136
0.605700
0.611163
0.605171
0.563278
0.620553
0.608561
0.603814
0.595648
0.582091
0.582404
0.565238
0.602206
0.595120
0.627222
0.577254
0.614863
0.604209
0.577213
0.632664
0.631417
0.575068
0.588733
0.589701
0.619166
0.555120
0.602569
0.623547
0.533415
0.614789
0.570876
0.648625
0.636434
0.624295
0.566313
0.581905
0.589468
0.588516
0.646220
0.551037
0.588603
0.595797
0.580317
0.600755
0.598145
0.611814
0.642864
0.594488
0.584716
0.613205
0.620789
0.553548
0.591787
0.600563
0.533451
0.601239
0.593433
0.643865
0.553230
0.625167
0.640525
0.566780
0.583334
0.596816
0.610302
0.590038
0.609499
0.597840
0.624323
0.588559
0.586325
0.572329
0.596823
0.589002
0.590186
0.597724
0.626601
0.595130
0.606582
0.587527
0.601224
0.604660
0.611156
0.603627
0.602190
0.589203
0.594062
0.599168
0.569768
0.605062
0.576999
0.625427
0.602479
0.538527
0.586112
0.584533
0.580341
0.602636
0.597546
0.562987
0.607185
0.565597
0.612596
0.587896
0.573002
0.563429
0.628736
0.588769
0.608263
0.561700
0.559448
0.583637
0.602344
0.613271
0.612548
0.533109
0.569391
0.620738
0.589589
0.604550
0.582797
0.608152
0.615621
0.615129
0.622511
0.582122
0.625574
0.590494
0.571322
0.559753
0.607609
0.592386
0.601318
0.591722
0.590124
0.628854
0.596640
0.595213
0.571491
0.552750
0.595254
0.566751
0.565652
0.593584
0.590804
0.621324
0.617336
0.569615
0.573658
0.618479
0.631704
0.585982
0.637329
0.586384
0.610109
0.653594
0.587789
0.618360
0.597419
0.597999
0.594203
0.621543
0.547114
0.585689
0.602417
0.605820
0.614304
0.594934
0.632484
0.610264
0.575289
0.597557
0.543584
0.585488
0.597533
0.595912
0.575272
0.612064
0.601473
0.547907
0.617237
0.599463
0.634179
0.593653
0.575682
0.597413
0.613219
0.602906
0.569504
0.550433
0.587563
0.629898
0.580098
0.553086
0.606082
0.530524
0.636403
0.567467
0.589857
0.577137
0.583575
0.590049
0.622447
0.625939
0.579160
0.582795
0.541249
0.635638
0.601165
0.581481
0.539739
0.563374
0.584337
0.568413
0.585907
0.599201
0.539179
0.589161
0.614185
0.631602
0.611516
0.590279
0.576370
0.577826
0.645130
0.585538
0.634338
0.579080
0.603606
0.614137
0.606438
0.626611
0.581753
0.587517
0.596576
0.632175
0.582123
0.625850
0.575930
0.613645
0.609757
0.619583
0.624692
0.595686
0.593948
0.607005
0.600255
0.572473
0.594378
0.608466
0.646135
0.616620
0.550800
0.598953
0.604610
0.612321
0.593725
0.563996
0.608572
0.567827
0.635537
0.613279
0.605362
0.630360
0.596371
0.592508
0.578987
0.599133
0.554905
0.562023
0.604003
0.555922
0.528357
0.607060
0.596999
0.593464
0.589573
0.595945
0.577678
0.586087
0.585063
0.559589
0.595905
0.648503
0.577116
0.583693
0.555695
0.605299
0.595359
0.661343
0.606375
0.573176
0.622921
0.585662
0.601046
0.606093
0.603194
0.567879
0.616518
0.597713
0.613954
0.610305
0.573905
0.588872
0.603324
0.583621
0.586728
0.575842
0.577806
0.590393
0.619586
0.580310
0.592520
0.554013
0.601623
0.592343
0.594579
0.546012
0.645323
0.555721
0.578327
0.590930
0.571990
0.584637
0.571242
0.587807
0.585350
0.560579
0.617867
0.577237
0.565884
0.609981
0.570149
0.589548
0.572641
0.579710
0.577054
0.614299
0.555653
0.597764
0.620457
0.592952
0.595662
0.613618
0.579669
0.587545
0.611169
0.572647
0.583675
0.599290
0.645853
0.667583
0.603069
0.630621
0.565906
0.581326
0.570392
0.596778
0.603444
0.604123
0.611421
0.643293
0.551013
0.562334
0.536911
0.595985
0.582889
0.567816
0.597356
0.605897
0.567702
0.609268
0.598569
0.611774
0.604460
0.589371
0.594993
0.601516
0.583195
0.616242
0.599956
0.534584
0.591711
0.612527
0.601649
0.582470
0.615751
0.587685
0.617584
0.606531
0.592242
0.584552
0.616188
0.606148
0.606573
0.619350
0.587642
0.620893
0.591223
0.584645
0.597873
0.588745
0.592926
0.594646
0.575130
0.577855
0.606328
0.571912
0.576037
0.618550
0.606417
0.600367
0.605982
0.620588
0.585891
0.656846
0.594557
0.641617
0.581417
0.591108
0.594965
0.623411
0.577466
0.578521
0.616630
0.560452
0.584851
0.598529
0.576994
0.607176
0.568797
0.587831
0.605763
0.581971
0.571129
0.609683
0.601446
0.607743
0.599689
0.603837
0.573961
0.616191
0.617925
0.567564
0.589429
0.582147
0.589683
0.623803
0.619794
0.581952
0.616196
0.613193
0.558724
0.579967
0.558190
0.584251
0.624267
0.610343
0.582367
0.560198
0.608945
0.590555
0.600338
0.604033
0.608257
0.595989
0.616621
0.608462
0.619030
0.639096
0.631186
0.596272
0.569359
0.574844
0.628150
0.633035
0.607126
0.573870
0.573764
0.577696
0.588768
0.547973
0.583041
0.606382
0.597222
0.598836
0.578121
0.548144
0.557310
0.560528
0.556722
0.632586
0.595665
0.595223
0.566104
0.535364
0.586150
0.630358
0.647963
0.623966
0.563753
0.577395
0.598306
0.563761
0.574499
0.617681
0.588810
0.664377
0.585208
0.623927
0.617759
0.616302
0.598336
0.616680
0.607441
0.579854
0.624464
0.605966
0.591337
0.536637
0.593332
0.574946
0.603117
0.566827
0.589166
0.588798
0.590893
0.598865
0.576272
0.625051
0.606990
0.586123
0.611308
0.566639
0.654668
0.621608
0.605158
0.603343
0.610816
0.579417
0.586453
0.578473
0.621392
0.611733
0.592929
0.579455
0.592342
0.604980
0.553893
0.613961
0.591877
0.599020
0.592155
0.581857
0.569659
0.577866
0.605558
0.585370
0.611299
0.572275
0.595843
0.600546
0.573102
0.580359
0.606968
0.643144
0.585862
0.605017
0.596830
0.580458
0.587759
0.582085
0.608004
0.610681
0.611118
0.596714
0.589024
0.563079
0.600537
0.566234
0.577967
0.576361
0.577775
0.594872
0.573230
0.610152
0.605940
0.581256
0.586527
0.607291
0.552987
0.659621
0.575038
0.572518
0.585327
0.558992
0.594204
0.585336
0.591967
0.547240
0.607248
0.585560
0.609713
0.568763
0.608449
0.583650
0.610909
0.655722
0.605897
0.594888
0.615444
0.595407
0.584536
0.584040
0.595523
0.595191
0.609426
0.614408
0.586693
0.576567
0.550279
0.587757
0.581410
0.609269
0.592878
0.561250
0.561430
0.574205
0.558780
0.594904
0.598999
0.586229
0.596965
0.536338
0.600553
0.618478
0.612592
0.598191
0.602590
0.604068
0.624153
0.628915
0.565162
0.595575
0.605188
0.642777
0.617230
0.590450
0.591351
0.620719
0.510868
0.612768
0.579722
0.565176
0.622534
0.589691
0.527973
0.608787
0.647063
0.604485
0.600720
0.611994
0.603803
0.612168
0.620118
0.542100
0.625877
0.597989
0.593615
0.613888
0.625329
0.620672
0.585552
0.580399
0.581199
0.560467
0.599072
0.572915
0.602208
0.598453
0.585927
0.569007
0.593925
0.635450
0.587449
0.553830
0.631652
0.634235
0.567262
0.598919
0.603994
0.565747
0.588652
0.609457
0.585858
0.574365
0.599499
0.579733
0.600617
0.632850
0.619842
0.563227
0.579146
0.580981
0.561244
0.545087
0.608029
0.592245
0.599915
0.586496
0.583983
0.599995
0.595506
0.562916
0.599041
0.597417
0.588721
0.598728
0.582863
0.599487
0.634051
0.591121
0.596363
0.600476
0.588183
0.575686
0.610204
0.582013
0.619041
0.601004
0.635153
0.585882
0.570689
0.642210
0.554684
0.624660
0.533352
0.571307
0.612978
0.584696
0.584350
0.580841
0.546764
0.555816
0.604613
0.598714
0.587491
0.629375
0.635141
0.592853
0.574575
0.636204
0.636290
0.564427
0.603098
0.607410
0.591548
0.576218
0.556067
0.604774
0.621644
0.601327
0.598526
0.636106
0.600591
0.597924
0.546560
0.611017
0.613641
0.566402
0.584415
0.584282
0.595979
0.585866
0.551155
0.596844
0.566361
0.615746
0.586843
0.576178
0.605269
0.597045
0.576388
0.579742
0.615748
0.593936
0.563166
0.568469
0.524958
0.593103
0.570098
0.582904
0.571718
0.602437
0.625341
0.609095
0.633044
0.565719
0.587643
0.604568
0.590724
0.592130
0.572054
0.589709
0.596558
0.581338
0.627504
0.569185
0.589531
0.627107
0.602032
0.623317
0.623954
0.536562
0.607227
0.576264
0.565731
0.565902
0.561876
0.642102
0.554896
0.565957
0.614162
0.601511
0.573971
0.589086
0.627184
0.611551
0.619720
0.619634
0.596913
0.573835
0.571051
0.604489
0.571493
0.621436
0.612507
0.579062
0.637249
0.575365
0.642693
0.585456
0.578066
0.621805
0.619717
0.591870
0.613233
0.591311
0.594170
0.612925
0.634972
0.589919
0.575003
0.597105
0.566582
0.626030
0.581943
0.603209
0.603015
0.597162
0.555624
0.633756
0.579568
0.569920
0.532920
0.614030
0.585620
0.627047
0.589536
0.579433
0.633501
0.588272
0.536523
0.601169
0.560605
0.617846
0.589254
0.549990
0.591930
0.578138
0.599432
0.554502
0.601958
0.598069
0.580226
0.615662
0.574329
0.588145
0.555906
0.564148
0.616036
0.580455
0.610187
0.623734
0.632331
0.618692
