0.664348
0.557122
0.567917
0.742553
0.424158
0.743103
0.580333
0.455332
0.617503
0.686766
0.570776
0.527881
0.531371
0.392009
0.441254
0.541593
0.500122
0.547741
0.639068
0.553580
0.737066
0.624486
0.679723
0.690255
0.634855
0.523195
0.585284
0.322104
0.356024
0.428380
0.681794
0.568909
0.729264
0.453618
0.513159
0.698533
0.699454
0.601406
0.541512
0.693740
0.658331
0.648772
0.595957
0.705618
0.653574
0.435527
0.793516
0.596174
0.650792
0.596465
0.482721
0.473866
0.515837
0.549324
0.614512
0.714440
0.666208
0.559534
0.778857
0.626675
0.536598
0.598295
0.500268
0.502585
0.641183
0.515073
0.583438
0.592458
0.385797
0.623390
0.513540
0.537663
0.434203
0.505033
0.554593
0.578087
0.721856
0.408450
0.826329
0.619315
0.537241
0.409527
0.412809
0.481356
0.609694
0.456175
0.625865
0.632726
0.480138
0.688095
0.584508
0.706754
0.565617
0.466542
0.581981
0.424345
0.615743
0.578679
0.654711
0.676288
0.625462
0.622648
0.538918
0.642075
0.633357
0.660461
0.656763
0.541952
0.547130
0.414298
0.475540
0.410417
0.569711
0.627908
0.697278
0.668722
0.653581
0.579113
0.598210
0.533504
0.654069
0.642424
0.601766
0.569701
0.609390
0.475747
0.660974
0.653181
0.631563
0.595059
0.695579
0.752318
0.621708
0.386788
0.737678
0.616462
0.523507
0.793326
0.602476
0.588214
0.461019
0.611031
0.722916
0.388763
0.514270
0.589610
0.635423
0.448537
0.679408
0.632113
0.599159
0.487341
0.626704
0.405232
0.691189
0.663032
0.398710
0.650551
0.565471
0.752429
0.599316
0.462294
0.563452
0.505533
0.636055
0.622114
0.595969
0.468859
0.391693
0.627237
0.599882
0.695767
0.509903
0.301839
0.592785
0.420437
0.581768
0.541813
0.651966
0.638386
0.658144
0.379780
0.511278
0.660192
0.652297
0.695754
0.679519
0.509111
0.687876
0.766314
0.600482
0.571879
0.654814
0.583013
0.438847
0.797556
0.669147
0.581668
0.552628
0.566259
0.544503
0.403550
0.660223
0.624585
0.619718
0.462750
0.495474
0.638051
0.563670
0.593583
0.520583
0.418168
0.585643
0.418299
0.747691
0.622325
0.630968
0.560949
0.614178
0.622029
0.450511
0.562077
0.524205
0.578646
0.578371
0.541544
0.320113
0.483803
0.475877
0.559048
0.514682
0.494719
0.498894
0.595256
0.424585
0.412812
0.580253
0.571979
0.581642
0.562819
0.685468
0.600945
0.571733
0.710025
0.715007
0.764319
0.604434
0.443783
0.507539
0.494027
0.536257
0.622852
0.668055
0.425922
0.584228
0.428958
0.477591
0.634978
0.706475
0.698133
0.598168
0.792756
0.656493
0.642845
0.686147
0.571930
0.554468
0.677531
0.581669
0.470853
0.624238
0.512921
0.422723
0.361504
0.663604
0.691122
0.648350
0.682507
0.703641
0.648674
0.518865
0.499194
0.632154
0.530210
0.500197
0.579794
0.475076
0.551525
0.724174
0.376404
0.643690
0.442610
0.549883
0.683007
0.613469
0.627476
0.593295
0.624099
0.740811
0.658626
0.717635
0.576303
0.543591
0.714727
0.540238
0.564694
0.372054
0.694793
0.615827
0.700568
0.340084
0.613662
0.640440
0.536483
0.469533
0.634190
0.539564
0.569510
0.598467
0.419727
0.562915
0.380705
0.505731
0.385853
0.646952
0.669736
0.687441
0.602272
0.378677
0.707993
0.526679
0.651812
0.739715
0.559275
0.639708
0.609692
0.577001
0.790171
0.559572
0.482477
0.454435
0.603633
0.477655
0.362698
0.733514
0.649054
0.553552
0.500810
0.573384
0.616621
0.540386
0.729681
0.640968
0.563491
0.531696
0.527405
0.365867
0.531642
0.490547
0.582603
0.423765
0.526016
0.440554
0.544926
0.702220
0.516588
0.689999
0.650801
0.582711
0.734698
0.590575
0.571510
0.607098
0.644543
0.652954
0.636550
0.637992
0.433129
0.569290
0.470516
0.714419
0.487173
0.469843
0.531437
0.797217
0.493138
0.550024
0.748972
0.721867
0.610302
0.517803
0.619913
0.642545
0.463646
0.395822
0.472545
0.538030
0.564141
0.441476
0.477438
0.701921
0.474627
0.458481
0.569695
0.611164
0.668201
0.688752
0.648963
0.621374
0.516342
0.729924
0.471391
0.685848
0.337079
0.700284
0.591805
0.485486
0.637902
0.615983
0.434968
0.663231
0.650103
0.378357
0.468413
0.430423
0.556174
0.688192
0.737661
0.433228
0.491435
0.605105
0.537393
0.640513
0.632584
0.527294
0.418314
0.654285
0.366979
0.518406
0.761911
0.662255
0.654385
0.512534
0.635539
0.546213
0.553044
0.516281
0.613669
0.405409
0.499629
0.576404
0.614607
0.512932
0.696264
0.527853
0.660899
0.678825
0.729273
0.523955
0.634827
0.478981
0.704741
0.657952
0.643207
0.617301
0.511298
0.681651
0.210340
0.566226
0.686264
0.435883
0.497231
0.574519
0.541008
0.699595
0.425307
0.534161
0.595247
0.732092
0.445926
0.660053
0.426967
0.520260
0.428936
0.372132
0.559846
0.464982
0.695363
0.424026
0.517895
0.694577
0.671292
0.465539
0.648742
0.607657
0.531336
0.660699
0.620731
0.600286
0.314870
0.377018
0.639236
0.568521
0.546957
0.633183
0.705165
0.489101
0.660642
0.579913
0.592613
0.683840
0.505565
0.559438
0.594193
0.616326
0.535676
0.654078
0.513866
0.639834
0.572599
0.443962
0.693801
0.624919
0.459058
0.634626
0.632905
0.636301
0.676144
0.441744
0.461859
0.524827
0.489905
0.513571
0.465732
0.702300
0.757083
0.701919
0.589990
0.482393
0.698029
0.582277
0.699166
0.521715
0.505248
0.689406
0.788062
0.611466
0.570220
0.519051
0.480703
0.466904
0.584976
0.676056
0.737604
0.586777
0.427151
0.507620
0.522859
0.411917
0.746809
0.588151
0.525954
0.587324
0.506722
0.667742
0.695828
0.672704
0.310774
0.593421
0.620383
0.634092
0.638916
0.471476
0.604104
0.613463
0.602545
0.476372
0.781021
0.478329
0.522058
0.520749
0.605276
0.525822
0.754683
0.629778
0.587128
0.778494
0.669611
0.458178
0.720649
0.611217
0.654437
0.586082
0.419511
0.456178
0.419054
0.781936
0.498233
0.718489
0.633532
0.471278
0.654242
0.559755
0.647783
0.672178
0.536015
0.760839
0.568470
0.636194
0.645638
0.509118
0.687604
0.723994
0.640337
0.520487
0.578890
0.528343
0.388569
0.624637
0.440176
0.731280
0.552228
0.647242
0.762275
0.630188
0.621935
0.720654
0.587329
0.468643
0.580793
0.577278
0.762712
0.623668
0.485635
0.503671
0.347311
0.623470
0.588647
0.397938
0.571248
0.605479
0.399162
0.532345
0.526428
0.531548
0.556037
0.552063
0.639395
0.648947
0.495156
0.551301
0.490298
0.705118
0.407624
0.522108
0.594027
0.761026
0.518496
0.591113
0.561613
0.597411
0.674324
0.473630
0.675605
0.471756
0.717092
0.648523
0.387832
0.651994
0.474175
0.569775
0.597708
0.612921
0.540011
0.465860
0.437844
0.796518
0.767230
0.578165
0.520738
0.779853
0.629229
0.732353
0.621717
0.633616
0.634549
0.720158
0.772889
0.668114
0.627076
0.447436
0.559470
0.579196
0.576423
0.595459
0.574576
0.440486
0.611529
0.656598
0.674903
0.675279
0.693928
0.500670
0.581056
0.502070
0.690863
0.769289
0.569479
0.538430
0.683908
0.533201
0.381559
0.367321
0.632054
0.696400
0.420674
0.606101
0.449314
0.337765
0.763227
0.601281
0.644511
0.451304
0.740272
0.472146
0.700495
0.762017
0.510805
0.573895
0.615777
0.620023
0.593398
0.441429
0.702458
0.414084
0.469260
0.613862
0.654122
0.590066
0.533932
0.785484
0.586020
0.562383
0.294077
0.593639
0.484665
0.657178
0.540610
0.547439
0.614004
0.585876
0.622536
0.632357
0.407713
0.527656
0.456953
0.678822
0.565422
0.514241
0.576512
0.584472
0.560955
0.537061
0.751948
0.600347
0.718946
0.535063
0.542887
0.587427
0.548537
0.596350
0.603621
0.397003
0.539164
0.793751
0.662854
0.420497
0.536630
0.572114
0.589689
0.744128
0.521682
0.497306
0.719657
0.596177
0.694169
0.572224
0.561537
0.500631
0.656657
0.662696
0.566901
0.497148
0.711482
0.688409
0.580246
0.571277
0.724453
0.476071
0.518497
0.665427
0.538293
0.468130
0.443422
0.435040
0.758935
0.629386
0.526674
0.549977
0.721337
0.667843
0.689641
0.650086
0.744462
0.438343
0.656964
0.441557
0.552629
0.744002
0.652472
0.744651
0.550890
0.548155
0.687854
0.637487
0.514690
0.541975
0.347278
0.438954
0.535830
0.675657
0.617521
0.602241
0.586834
0.532132
0.427045
0.538394
0.596835
0.447208
0.590806
0.523706
0.629681
0.635453
0.554523
0.678300
0.661723
0.713729
0.517838
0.667386
0.745499
0.618433
0.690694
0.489026
0.444654
0.669930
0.567405
0.681782
0.651591
0.368339
0.470596
0.548491
0.618434
0.529590
0.606522
0.468359
0.431804
0.559028
0.683708
0.519051
0.409839
0.543276
0.889688
0.592049
0.464026
0.689529
0.547626
0.645871
0.478354
0.541152
0.639013
0.577021
0.581726
0.492666
0.583089
0.474592
0.408903
0.481573
0.475696
0.548718
0.642600
0.489956
0.485596
0.668231
0.433090
0.776153
0.605694
0.621040
0.548704
0.676403
0.667838
0.628101
0.604960
0.486439
0.648983
0.647429
0.497813
0.554754
0.576446
0.579694
0.559562
0.458685
0.396025
0.577039
0.535394
0.637833
0.487614
0.497986
0.691775
0.748897
0.780664
0.592779
0.702228
0.549669
0.684457
0.517998
0.555803
0.689544
0.550045
0.554780
0.636928
0.760109
0.524282
0.615324
0.559103
0.588933
0.490323
0.744687
0.462367
0.593712
0.617733
0.670123
0.649135
0.541214
0.636960
0.577632
0.473820
0.721033
0.454168
0.639650
0.560610
0.433453
0.576754
0.494798
0.544935
0.665247
0.665688
0.598083
0.509050
0.567279
0.588558
0.461075
0.450819
0.399055
0.422359
0.523217
0.617368
0.354925
0.763419
0.364270
0.477642
0.483468
0.494243
0.761995
0.662037
0.546910
0.587964
0.688928
0.562168
0.580987
0.470786
0.574653
0.561502
0.503304
0.688822
0.841823
0.479576
0.643292
0.623605
0.476216
0.550858
0.528630
0.523929
0.475425
0.610593
0.580149
0.558940
0.506898
0.387531
0.618686
0.489151
