0.500000	2	9777
0.500000	3	6352
0.500000	4	4413
0.500000	5	3217
0.500000	6	2399
0.500000	7	1935
0.500000	8	1536
0.500000	9	1236
0.500000	10	1119
0.500000	11	841
0.500000	12	767
0.500000	13	705
0.500000	14	604
0.500000	15	549
0.500000	16	497
0.500000	17	442
0.500000	18	381
0.500000	19	360
0.500000	20	337
0.500000	21	315
0.500000	22	288
0.500000	23	273
0.500000	24	234
0.500000	25	202
0.500000	26	205
0.500000	27	176
0.500000	28	153
0.500000	29	123
0.500000	30	127
0.500000	31	107
0.500000	32	129
0.500000	33	90
0.500000	34	72
0.500000	35	58
0.500000	36	47
0.500000	37	41
0.500000	38	27
0.500000	39	24
0.500000	40	16
0.500000	41	13
0.500000	42	12
0.500000	43	2
0.500000	44	2
0.500000	45	1
0.501000	2	9731
0.501000	3	6311
0.501000	4	4394
0.501000	5	3210
0.501000	6	2392
0.501000	7	1924
0.501000	8	1543
0.501000	9	1229
0.501000	10	1117
0.501000	11	849
0.501000	12	769
0.501000	13	705
0.501000	14	597
0.501000	15	557
0.501000	16	493
0.501000	17	437
0.501000	18	382
0.501000	19	354
0.501000	20	343
0.501000	21	311
0.501000	22	286
0.501000	23	277
0.501000	24	235
0.501000	25	210
0.501000	26	211
0.501000	27	175
0.501000	28	159
0.501000	29	125
0.501000	30	132
0.501000	31	112
0.501000	32	126
0.501000	33	95
0.501000	34	74
0.501000	35	55
0.501000	36	51
0.501000	37	44
0.501000	38	28
0.501000	39	25
0.501000	40	18
0.501000	41	13
0.501000	42	12
0.501000	43	2
0.501000	44	2
0.501000	45	1
0.502000	2	9693
0.502000	3	6284
0.502000	4	4368
0.502000	5	3203
0.502000	6	2379
0.502000	7	1918
0.502000	8	1534
0.502000	9	1222
0.502000	10	1111
0.502000	11	860
0.502000	12	772
0.502000	13	696
0.502000	14	598
0.502000	15	565
0.502000	16	498
0.502000	17	432
0.502000	18	384
0.502000	19	354
0.502000	20	344
0.502000	21	319
0.502000	22	290
0.502000	23	272
0.502000	24	243
0.502000	25	215
0.502000	26	217
0.502000	27	179
0.502000	28	158
0.502000	29	124
0.502000	30	132
0.502000	31	115
0.502000	32	125
0.502000	33	96
0.502000	34	77
0.502000	35	59
0.502000	36	50
0.502000	37	44
0.502000	38	29
0.502000	39	29
0.502000	40	17
0.502000	41	15
0.502000	42	11
0.502000	43	3
0.502000	44	2
0.502000	45	1
0.503000	2	9647
0.503000	3	6250
0.503000	4	4354
0.503000	5	3187
0.503000	6	2385
0.503000	7	1906
0.503000	8	1528
0.503000	9	1218
0.503000	10	1112
0.503000	11	851
0.503000	12	775
0.503000	13	694
0.503000	14	587
0.503000	15	573
0.503000	16	506
0.503000	17	429
0.503000	18	385
0.503000	19	354
0.503000	20	345
0.503000	21	325
0.503000	22	286
0.503000	23	277
0.503000	24	245
0.503000	25	217
0.503000	26	223
0.503000	27	177
0.503000	28	163
0.503000	29	130
0.503000	30	136
0.503000	31	117
0.503000	32	121
0.503000	33	97
0.503000	34	81
0.503000	35	65
0.503000	36	47
0.503000	37	49
0.503000	38	30
0.503000	39	29
0.503000	40	17
0.503000	41	17
0.503000	42	10
0.503000	43	4
0.503000	44	2
0.503000	45	1
0.504000	2	9609
0.504000	3	6204
0.504000	4	4359
0.504000	5	3170
0.504000	6	2379
0.504000	7	1895
0.504000	8	1538
0.504000	9	1213
0.504000	10	1108
0.504000	11	853
0.504000	12	782
0.504000	13	689
0.504000	14	586
0.504000	15	578
0.504000	16	507
0.504000	17	435
0.504000	18	389
0.504000	19	349
0.504000	20	347
0.504000	21	325
0.504000	22	298
0.504000	23	275
0.504000	24	247
0.504000	25	213
0.504000	26	220
0.504000	27	181
0.504000	28	165
0.504000	29	131
0.504000	30	142
0.504000	31	119
0.504000	32	119
0.504000	33	102
0.504000	34	82
0.504000	35	67
0.504000	36	47
0.504000	37	47
0.504000	38	34
0.504000	39	29
0.504000	40	18
0.504000	41	16
0.504000	42	11
0.504000	43	3
0.504000	44	3
0.504000	45	2
0.505000	2	9570
0.505000	3	6189
0.505000	4	4336
0.505000	5	3156
0.505000	6	2371
0.505000	7	1881
0.505000	8	1529
0.505000	9	1206
0.505000	10	1112
0.505000	11	850
0.505000	12	789
0.505000	13	688
0.505000	14	589
0.505000	15	580
0.505000	16	496
0.505000	17	445
0.505000	18	395
0.505000	19	349
0.505000	20	354
0.505000	21	320
0.505000	22	306
0.505000	23	280
0.505000	24	253
0.505000	25	203
0.505000	26	220
0.505000	27	186
0.505000	28	173
0.505000	29	130
0.505000	30	139
0.505000	31	126
0.505000	32	120
0.505000	33	102
0.505000	34	82
0.505000	35	71
0.505000	36	48
0.505000	37	45
0.505000	38	37
0.505000	39	31
0.505000	40	19
0.505000	41	17
0.505000	42	11
0.505000	43	3
0.505000	44	2
0.505000	45	3
0.506000	2	9509
0.506000	3	6163
0.506000	4	4304
0.506000	5	3146
0.506000	6	2348
0.506000	7	1882
0.506000	8	1508
0.506000	9	1210
0.506000	10	1113
0.506000	11	848
0.506000	12	792
0.506000	13	685
0.506000	14	592
0.506000	15	595
0.506000	16	502
0.506000	17	447
0.506000	18	389
0.506000	19	356
0.506000	20	351
0.506000	21	328
0.506000	22	301
0.506000	23	274
0.506000	24	263
0.506000	25	208
0.506000	26	228
0.506000	27	186
0.506000	28	175
0.506000	29	132
0.506000	30	139
0.506000	31	127
0.506000	32	123
0.506000	33	102
0.506000	34	83
0.506000	35	74
0.506000	36	47
0.506000	37	48
0.506000	38	39
0.506000	39	31
0.506000	40	18
0.506000	41	17
0.506000	42	10
0.506000	43	5
0.506000	44	2
0.506000	45	3
0.507000	2	9448
0.507000	3	6144
0.507000	4	4279
0.507000	5	3124
0.507000	6	2349
0.507000	7	1874
0.507000	8	1497
0.507000	9	1204
0.507000	10	1128
0.507000	11	837
0.507000	12	782
0.507000	13	686
0.507000	14	596
0.507000	15	594
0.507000	16	500
0.507000	17	461
0.507000	18	393
0.507000	19	357
0.507000	20	346
0.507000	21	328
0.507000	22	306
0.507000	23	269
0.507000	24	270
0.507000	25	213
0.507000	26	227
0.507000	27	193
0.507000	28	176
0.507000	29	133
0.507000	30	139
0.507000	31	131
0.507000	32	126
0.507000	33	105
0.507000	34	86
0.507000	35	76
0.507000	36	46
0.507000	37	45
0.507000	38	45
0.507000	39	31
0.507000	40	17
0.507000	41	18
0.507000	42	11
0.507000	43	5
0.507000	44	2
0.507000	45	4
0.508000	2	9409
0.508000	3	6096
0.508000	4	4246
0.508000	5	3106
0.508000	6	2347
0.508000	7	1866
0.508000	8	1498
0.508000	9	1210
0.508000	10	1125
0.508000	11	845
0.508000	12	778
0.508000	13	680
0.508000	14	590
0.508000	15	599
0.508000	16	499
0.508000	17	458
0.508000	18	395
0.508000	19	363
0.508000	20	350
0.508000	21	319
0.508000	22	311
0.508000	23	267
0.508000	24	277
0.508000	25	214
0.508000	26	224
0.508000	27	207
0.508000	28	174
0.508000	29	142
0.508000	30	131
0.508000	31	135
0.508000	32	120
0.508000	33	114
0.508000	34	84
0.508000	35	86
0.508000	36	46
0.508000	37	45
0.508000	38	44
0.508000	39	33
0.508000	40	21
0.508000	41	17
0.508000	42	13
0.508000	43	5
0.508000	44	2
0.508000	45	4
0.509000	2	9370
0.509000	3	6061
0.509000	4	4247
0.509000	5	3086
0.509000	6	2335
0.509000	7	1876
0.509000	8	1477
0.509000	9	1220
0.509000	10	1114
0.509000	11	857
0.509000	12	771
0.509000	13	671
0.509000	14	598
0.509000	15	598
0.509000	16	504
0.509000	17	449
0.509000	18	410
0.509000	19	362
0.509000	20	350
0.509000	21	321
0.509000	22	308
0.509000	23	270
0.509000	24	285
0.509000	25	218
0.509000	26	229
0.509000	27	204
0.509000	28	182
0.509000	29	142
0.509000	30	130
0.509000	31	139
0.509000	32	119
0.509000	33	117
0.509000	34	86
0.509000	35	86
0.509000	36	47
0.509000	37	46
0.509000	38	45
0.509000	39	33
0.509000	40	23
0.509000	41	15
0.509000	42	14
0.509000	43	6
0.509000	44	2
0.509000	45	4
0.510000	2	9330
0.510000	3	6033
0.510000	4	4243
0.510000	5	3070
0.510000	6	2342
0.510000	7	1863
0.510000	8	1472
0.510000	9	1206
0.510000	10	1112
0.510000	11	856
0.510000	12	772
0.510000	13	683
0.510000	14	592
0.510000	15	594
0.510000	16	510
0.510000	17	453
0.510000	18	404
0.510000	19	375
0.510000	20	353
0.510000	21	320
0.510000	22	306
0.510000	23	272
0.510000	24	276
0.510000	25	228
0.510000	26	229
0.510000	27	208
0.510000	28	185
0.510000	29	145
0.510000	30	132
0.510000	31	137
0.510000	32	125
0.510000	33	114
0.510000	34	91
0.510000	35	83
0.510000	36	48
0.510000	37	50
0.510000	38	48
0.510000	39	32
0.510000	40	23
0.510000	41	17
0.510000	42	14
0.510000	43	7
0.510000	44	2
0.510000	45	4
0.511000	2	9287
0.511000	3	5982
0.511000	4	4242
0.511000	5	3060
0.511000	6	2343
0.511000	7	1852
0.511000	8	1457
0.511000	9	1202
0.511000	10	1104
0.511000	11	856
0.511000	12	777
0.511000	13	687
0.511000	14	595
0.511000	15	585
0.511000	16	509
0.511000	17	468
0.511000	18	393
0.511000	19	379
0.511000	20	361
0.511000	21	318
0.511000	22	308
0.511000	23	272
0.511000	24	276
0.511000	25	227
0.511000	26	225
0.511000	27	212
0.511000	28	186
0.511000	29	155
0.511000	30	129
0.511000	31	138
0.511000	32	133
0.511000	33	115
0.511000	34	97
0.511000	35	85
0.511000	36	51
0.511000	37	48
0.511000	38	47
0.511000	39	33
0.511000	40	27
0.511000	41	18
0.511000	42	14
0.511000	43	7
0.511000	44	1
0.511000	45	5
0.512000	2	9234
0.512000	3	5939
0.512000	4	4231
0.512000	5	3064
0.512000	6	2343
0.512000	7	1854
0.512000	8	1449
0.512000	9	1204
0.512000	10	1096
0.512000	11	854
0.512000	12	770
0.512000	13	696
0.512000	14	595
0.512000	15	586
0.512000	16	507
0.512000	17	470
0.512000	18	400
0.512000	19	379
0.512000	20	361
0.512000	21	314
0.512000	22	310
0.512000	23	271
0.512000	24	277
0.512000	25	231
0.512000	26	232
0.512000	27	214
0.512000	28	185
0.512000	29	159
0.512000	30	135
0.512000	31	138
0.512000	32	137
0.512000	33	112
0.512000	34	100
0.512000	35	87
0.512000	36	55
0.512000	37	49
0.512000	38	45
0.512000	39	35
0.512000	40	29
0.512000	41	17
0.512000	42	15
0.512000	43	5
0.512000	44	3
0.512000	45	5
0.513000	2	9202
0.513000	3	5908
0.513000	4	4221
0.513000	5	3048
0.513000	6	2340
0.513000	7	1852
0.513000	8	1449
0.513000	9	1206
0.513000	10	1084
0.513000	11	848
0.513000	12	776
0.513000	13	696
0.513000	14	589
0.513000	15	588
0.513000	16	504
0.513000	17	473
0.513000	18	393
0.513000	19	375
0.513000	20	367
0.513000	21	321
0.513000	22	314
0.513000	23	269
0.513000	24	280
0.513000	25	233
0.513000	26	231
0.513000	27	221
0.513000	28	191
0.513000	29	160
0.513000	30	135
0.513000	31	140
0.513000	32	136
0.513000	33	115
0.513000	34	105
0.513000	35	90
0.513000	36	52
0.513000	37	52
0.513000	38	44
0.513000	39	34
0.513000	40	33
0.513000	41	17
0.513000	42	15
0.513000	43	7
0.513000	44	3
0.513000	45	5
0.514000	2	9152
0.514000	3	5876
0.514000	4	4208
0.514000	5	3030
0.514000	6	2340
0.514000	7	1843
0.514000	8	1441
0.514000	9	1201
0.514000	10	1084
0.514000	11	841
0.514000	12	770
0.514000	13	706
0.514000	14	589
0.514000	15	583
0.514000	16	505
0.514000	17	472
0.514000	18	391
0.514000	19	383
0.514000	20	370
0.514000	21	321
0.514000	22	317
0.514000	23	272
0.514000	24	279
0.514000	25	239
0.514000	26	230
0.514000	27	221
0.514000	28	199
0.514000	29	159
0.514000	30	139
0.514000	31	138
0.514000	32	141
0.514000	33	117
0.514000	34	108
0.514000	35	89
0.514000	36	56
0.514000	37	55
0.514000	38	45
0.514000	39	33
0.514000	40	36
0.514000	41	16
0.514000	42	15
0.514000	43	7
0.514000	44	4
0.514000	45	6
0.515000	2	9112
0.515000	3	5845
0.515000	4	4187
0.515000	5	3032
0.515000	6	2322
0.515000	7	1842
0.515000	8	1436
0.515000	9	1195
0.515000	10	1083
0.515000	11	847
0.515000	12	764
0.515000	13	703
0.515000	14	587
0.515000	15	584
0.515000	16	510
0.515000	17	479
0.515000	18	396
0.515000	19	383
0.515000	20	366
0.515000	21	323
0.515000	22	314
0.515000	23	272
0.515000	24	280
0.515000	25	239
0.515000	26	232
0.515000	27	216
0.515000	28	201
0.515000	29	168
0.515000	30	149
0.515000	31	131
0.515000	32	143
0.515000	33	126
0.515000	34	110
0.515000	35	88
0.515000	36	60
0.515000	37	55
0.515000	38	46
0.515000	39	35
0.515000	40	35
0.515000	41	16
0.515000	42	18
0.515000	43	7
0.515000	44	4
0.515000	45	6
0.516000	2	9039
0.516000	3	5823
0.516000	4	4163
0.516000	5	3025
0.516000	6	2307
0.516000	7	1837
0.516000	8	1436
0.516000	9	1187
0.516000	10	1074
0.516000	11	856
0.516000	12	759
0.516000	13	695
0.516000	14	573
0.516000	15	582
0.516000	16	525
0.516000	17	473
0.516000	18	405
0.516000	19	385
0.516000	20	370
0.516000	21	317
0.516000	22	313
0.516000	23	277
0.516000	24	282
0.516000	25	251
0.516000	26	234
0.516000	27	221
0.516000	28	203
0.516000	29	171
0.516000	30	153
0.516000	31	135
0.516000	32	140
0.516000	33	123
0.516000	34	112
0.516000	35	90
0.516000	36	62
0.516000	37	58
0.516000	38	49
0.516000	39	34
0.516000	40	39
0.516000	41	16
0.516000	42	18
0.516000	43	7
0.516000	44	4
0.516000	45	6
0.517000	2	8984
0.517000	3	5800
0.517000	4	4153
0.517000	5	3015
0.517000	6	2290
0.517000	7	1836
0.517000	8	1432
0.517000	9	1180
0.517000	10	1069
0.517000	11	863
0.517000	12	761
0.517000	13	682
0.517000	14	576
0.517000	15	584
0.517000	16	524
0.517000	17	477
0.517000	18	407
0.517000	19	388
0.517000	20	377
0.517000	21	314
0.517000	22	317
0.517000	23	277
0.517000	24	288
0.517000	25	252
0.517000	26	231
0.517000	27	218
0.517000	28	200
0.517000	29	183
0.517000	30	154
0.517000	31	133
0.517000	32	146
0.517000	33	126
0.517000	34	114
0.517000	35	90
0.517000	36	64
0.517000	37	62
0.517000	38	47
0.517000	39	36
0.517000	40	38
0.517000	41	18
0.517000	42	20
0.517000	43	7
0.517000	44	4
0.517000	45	7
0.518000	2	8932
0.518000	3	5776
0.518000	4	4129
0.518000	5	2996
0.518000	6	2282
0.518000	7	1831
0.518000	8	1426
0.518000	9	1185
0.518000	10	1067
0.518000	11	865
0.518000	12	761
0.518000	13	683
0.518000	14	580
0.518000	15	579
0.518000	16	516
0.518000	17	481
0.518000	18	412
0.518000	19	384
0.518000	20	377
0.518000	21	314
0.518000	22	313
0.518000	23	286
0.518000	24	297
0.518000	25	245
0.518000	26	228
0.518000	27	226
0.518000	28	206
0.518000	29	184
0.518000	30	156
0.518000	31	131
0.518000	32	149
0.518000	33	127
0.518000	34	117
0.518000	35	94
0.518000	36	68
0.518000	37	63
0.518000	38	48
0.518000	39	38
0.518000	40	38
0.518000	41	19
0.518000	42	21
0.518000	43	7
0.518000	44	4
0.518000	45	7
0.519000	2	8899
0.519000	3	5755
0.519000	4	4103
0.519000	5	2989
0.519000	6	2293
0.519000	7	1824
0.519000	8	1404
0.519000	9	1191
0.519000	10	1044
0.519000	11	876
0.519000	12	770
0.519000	13	682
0.519000	14	578
0.519000	15	566
0.519000	16	524
0.519000	17	476
0.519000	18	408
0.519000	19	389
0.519000	20	387
0.519000	21	310
0.519000	22	316
0.519000	23	292
0.519000	24	296
0.519000	25	248
0.519000	26	222
0.519000	27	227
0.519000	28	207
0.519000	29	182
0.519000	30	164
0.519000	31	133
0.519000	32	155
0.519000	33	130
0.519000	34	116
0.519000	35	97
0.519000	36	71
0.519000	37	65
0.519000	38	53
0.519000	39	39
0.519000	40	37
0.519000	41	21
0.519000	42	20
0.519000	43	7
0.519000	44	5
0.519000	45	7
0.520000	2	8832
0.520000	3	5710
0.520000	4	4099
0.520000	5	2972
0.520000	6	2288
0.520000	7	1809
0.520000	8	1404
0.520000	9	1187
0.520000	10	1050
0.520000	11	873
0.520000	12	768
0.520000	13	682
0.520000	14	584
0.520000	15	567
0.520000	16	517
0.520000	17	467
0.520000	18	410
0.520000	19	392
0.520000	20	386
0.520000	21	309
0.520000	22	314
0.520000	23	295
0.520000	24	299
0.520000	25	259
0.520000	26	223
0.520000	27	225
0.520000	28	207
0.520000	29	185
0.520000	30	167
0.520000	31	139
0.520000	32	157
0.520000	33	132
0.520000	34	119
0.520000	35	93
0.520000	36	79
0.520000	37	67
0.520000	38	54
0.520000	39	40
0.520000	40	40
0.520000	41	22
0.520000	42	21
0.520000	43	7
0.520000	44	5
0.520000	45	7
0.521000	2	8796
0.521000	3	5692
0.521000	4	4084
0.521000	5	2956
0.521000	6	2273
0.521000	7	1798
0.521000	8	1400
0.521000	9	1185
0.521000	10	1048
0.521000	11	862
0.521000	12	778
0.521000	13	682
0.521000	14	577
0.521000	15	567
0.521000	16	514
0.521000	17	467
0.521000	18	413
0.521000	19	398
0.521000	20	382
0.521000	21	321
0.521000	22	316
0.521000	23	293
0.521000	24	301
0.521000	25	260
0.521000	26	222
0.521000	27	225
0.521000	28	216
0.521000	29	181
0.521000	30	173
0.521000	31	133
0.521000	32	163
0.521000	33	134
0.521000	34	124
0.521000	35	92
0.521000	36	81
0.521000	37	70
0.521000	38	56
0.521000	39	43
0.521000	40	41
0.521000	41	23
0.521000	42	21
0.521000	43	8
0.521000	44	5
0.521000	45	7
0.522000	2	8742
0.522000	3	5668
0.522000	4	4041
0.522000	5	2947
0.522000	6	2277
0.522000	7	1798
0.522000	8	1396
0.522000	9	1187
0.522000	10	1036
0.522000	11	877
0.522000	12	775
0.522000	13	685
0.522000	14	576
0.522000	15	558
0.522000	16	510
0.522000	17	462
0.522000	18	414
0.522000	19	407
0.522000	20	375
0.522000	21	327
0.522000	22	317
0.522000	23	298
0.522000	24	294
0.522000	25	272
0.522000	26	223
0.522000	27	228
0.522000	28	211
0.522000	29	176
0.522000	30	185
0.522000	31	139
0.522000	32	164
0.522000	33	136
0.522000	34	121
0.522000	35	95
0.522000	36	82
0.522000	37	74
0.522000	38	54
0.522000	39	51
0.522000	40	38
0.522000	41	26
0.522000	42	21
0.522000	43	10
0.522000	44	5
0.522000	45	7
0.523000	2	8697
0.523000	3	5619
0.523000	4	4013
0.523000	5	2948
0.523000	6	2263
0.523000	7	1785
0.523000	8	1394
0.523000	9	1194
0.523000	10	1013
0.523000	11	870
0.523000	12	768
0.523000	13	694
0.523000	14	571
0.523000	15	575
0.523000	16	511
0.523000	17	458
0.523000	18	409
0.523000	19	401
0.523000	20	380
0.523000	21	336
0.523000	22	314
0.523000	23	295
0.523000	24	291
0.523000	25	284
0.523000	26	230
0.523000	27	233
0.523000	28	208
0.523000	29	177
0.523000	30	186
0.523000	31	140
0.523000	32	164
0.523000	33	138
0.523000	34	122
0.523000	35	102
0.523000	36	87
0.523000	37	75
0.523000	38	54
0.523000	39	53
0.523000	40	39
0.523000	41	31
0.523000	42	22
0.523000	43	10
0.523000	44	5
0.523000	45	7
0.524000	2	8633
0.524000	3	5593
0.524000	4	3997
0.524000	5	2943
0.524000	6	2254
0.524000	7	1773
0.524000	8	1393
0.524000	9	1190
0.524000	10	1004
0.524000	11	871
0.524000	12	773
0.524000	13	684
0.524000	14	568
0.524000	15	571
0.524000	16	514
0.524000	17	457
0.524000	18	415
0.524000	19	399
0.524000	20	388
0.524000	21	332
0.524000	22	324
0.524000	23	297
0.524000	24	295
0.524000	25	284
0.524000	26	231
0.524000	27	237
0.524000	28	205
0.524000	29	178
0.524000	30	187
0.524000	31	142
0.524000	32	165
0.524000	33	138
0.524000	34	125
0.524000	35	102
0.524000	36	94
0.524000	37	80
0.524000	38	58
0.524000	39	50
0.524000	40	41
0.524000	41	32
0.524000	42	23
0.524000	43	11
0.524000	44	5
0.524000	45	7
0.525000	2	8576
0.525000	3	5573
0.525000	4	3980
0.525000	5	2944
0.525000	6	2234
0.525000	7	1772
0.525000	8	1393
0.525000	9	1186
0.525000	10	997
0.525000	11	867
0.525000	12	766
0.525000	13	678
0.525000	14	567
0.525000	15	576
0.525000	16	511
0.525000	17	462
0.525000	18	411
0.525000	19	405
0.525000	20	382
0.525000	21	340
0.525000	22	324
0.525000	23	301
0.525000	24	290
0.525000	25	279
0.525000	26	227
0.525000	27	237
0.525000	28	214
0.525000	29	185
0.525000	30	189
0.525000	31	145
0.525000	32	169
0.525000	33	135
0.525000	34	122
0.525000	35	111
0.525000	36	97
0.525000	37	81
0.525000	38	57
0.525000	39	55
0.525000	40	40
0.525000	41	35
0.525000	42	26
0.525000	43	11
0.525000	44	8
0.525000	45	6
0.525000	46	1
0.526000	2	8542
0.526000	3	5547
0.526000	4	3959
0.526000	5	2917
0.526000	6	2224
0.526000	7	1759
0.526000	8	1391
0.526000	9	1186
0.526000	10	998
0.526000	11	873
0.526000	12	765
0.526000	13	679
0.526000	14	576
0.526000	15	569
0.526000	16	515
0.526000	17	463
0.526000	18	410
0.526000	19	399
0.526000	20	383
0.526000	21	335
0.526000	22	321
0.526000	23	308
0.526000	24	298
0.526000	25	271
0.526000	26	229
0.526000	27	243
0.526000	28	218
0.526000	29	184
0.526000	30	196
0.526000	31	152
0.526000	32	166
0.526000	33	140
0.526000	34	127
0.526000	35	107
0.526000	36	96
0.526000	37	84
0.526000	38	64
0.526000	39	50
0.526000	40	45
0.526000	41	37
0.526000	42	25
0.526000	43	13
0.526000	44	8
0.526000	45	6
0.526000	46	1
0.527000	2	8498
0.527000	3	5522
0.527000	4	3940
0.527000	5	2902
0.527000	6	2222
0.527000	7	1755
0.527000	8	1374
0.527000	9	1188
0.527000	10	1005
0.527000	11	864
0.527000	12	767
0.527000	13	670
0.527000	14	572
0.527000	15	565
0.527000	16	519
0.527000	17	473
0.527000	18	406
0.527000	19	402
0.527000	20	390
0.527000	21	337
0.527000	22	319
0.527000	23	301
0.527000	24	305
0.527000	25	276
0.527000	26	226
0.527000	27	247
0.527000	28	214
0.527000	29	193
0.527000	30	196
0.527000	31	156
0.527000	32	165
0.527000	33	145
0.527000	34	127
0.527000	35	108
0.527000	36	98
0.527000	37	85
0.527000	38	67
0.527000	39	52
0.527000	40	46
0.527000	41	39
0.527000	42	27
0.527000	43	12
0.527000	44	8
0.527000	45	7
0.527000	46	1
0.528000	2	8457
0.528000	3	5499
0.528000	4	3931
0.528000	5	2891
0.528000	6	2210
0.528000	7	1745
0.528000	8	1359
0.528000	9	1197
0.528000	10	1005
0.528000	11	855
0.528000	12	767
0.528000	13	669
0.528000	14	582
0.528000	15	550
0.528000	16	531
0.528000	17	481
0.528000	18	409
0.528000	19	395
0.528000	20	381
0.528000	21	338
0.528000	22	322
0.528000	23	307
0.528000	24	310
0.528000	25	276
0.528000	26	232
0.528000	27	242
0.528000	28	210
0.528000	29	200
0.528000	30	199
0.528000	31	166
0.528000	32	164
0.528000	33	145
0.528000	34	125
0.528000	35	107
0.528000	36	103
0.528000	37	85
0.528000	38	74
0.528000	39	52
0.528000	40	43
0.528000	41	39
0.528000	42	29
0.528000	43	14
0.528000	44	7
0.528000	45	9
0.528000	46	1
0.529000	2	8405
0.529000	3	5482
0.529000	4	3911
0.529000	5	2873
0.529000	6	2198
0.529000	7	1733
0.529000	8	1357
0.529000	9	1194
0.529000	10	1003
0.529000	11	846
0.529000	12	773
0.529000	13	674
0.529000	14	575
0.529000	15	551
0.529000	16	536
0.529000	17	472
0.529000	18	416
0.529000	19	395
0.529000	20	384
0.529000	21	342
0.529000	22	326
0.529000	23	308
0.529000	24	316
0.529000	25	271
0.529000	26	232
0.529000	27	238
0.529000	28	211
0.529000	29	207
0.529000	30	200
0.529000	31	173
0.529000	32	169
0.529000	33	142
0.529000	34	129
0.529000	35	109
0.529000	36	102
0.529000	37	90
0.529000	38	74
0.529000	39	50
0.529000	40	47
0.529000	41	41
0.529000	42	28
0.529000	43	16
0.529000	44	8
0.529000	45	9
0.529000	46	1
0.530000	2	8363
0.530000	3	5464
0.530000	4	3898
0.530000	5	2852
0.530000	6	2187
0.530000	7	1731
0.530000	8	1365
0.530000	9	1174
0.530000	10	1010
0.530000	11	828
0.530000	12	779
0.530000	13	673
0.530000	14	579
0.530000	15	545
0.530000	16	530
0.530000	17	477
0.530000	18	413
0.530000	19	406
0.530000	20	380
0.530000	21	350
0.530000	22	322
0.530000	23	311
0.530000	24	308
0.530000	25	273
0.530000	26	239
0.530000	27	238
0.530000	28	214
0.530000	29	213
0.530000	30	202
0.530000	31	172
0.530000	32	174
0.530000	33	146
0.530000	34	125
0.530000	35	112
0.530000	36	102
0.530000	37	92
0.530000	38	77
0.530000	39	56
0.530000	40	48
0.530000	41	41
0.530000	42	29
0.530000	43	17
0.530000	44	9
0.530000	45	9
0.530000	46	1
0.531000	2	8333
0.531000	3	5425
0.531000	4	3878
0.531000	5	2840
0.531000	6	2175
0.531000	7	1733
0.531000	8	1355
0.531000	9	1171
0.531000	10	1011
0.531000	11	824
0.531000	12	772
0.531000	13	670
0.531000	14	581
0.531000	15	540
0.531000	16	533
0.531000	17	478
0.531000	18	416
0.531000	19	403
0.531000	20	381
0.531000	21	342
0.531000	22	329
0.531000	23	311
0.531000	24	315
0.531000	25	277
0.531000	26	239
0.531000	27	242
0.531000	28	208
0.531000	29	216
0.531000	30	212
0.531000	31	171
0.531000	32	175
0.531000	33	145
0.531000	34	126
0.531000	35	117
0.531000	36	103
0.531000	37	94
0.531000	38	79
0.531000	39	56
0.531000	40	53
0.531000	41	43
0.531000	42	31
0.531000	43	19
0.531000	44	9
0.531000	45	9
0.531000	46	1
0.532000	2	8292
0.532000	3	5401
0.532000	4	3853
0.532000	5	2829
0.532000	6	2161
0.532000	7	1731
0.532000	8	1343
0.532000	9	1163
0.532000	10	1011
0.532000	11	825
0.532000	12	766
0.532000	13	667
0.532000	14	586
0.532000	15	545
0.532000	16	528
0.532000	17	481
0.532000	18	415
0.532000	19	405
0.532000	20	381
0.532000	21	346
0.532000	22	330
0.532000	23	309
0.532000	24	305
0.532000	25	280
0.532000	26	243
0.532000	27	250
0.532000	28	204
0.532000	29	217
0.532000	30	217
0.532000	31	177
0.532000	32	174
0.532000	33	151
0.532000	34	128
0.532000	35	116
0.532000	36	107
0.532000	37	101
0.532000	38	81
0.532000	39	55
0.532000	40	56
0.532000	41	46
0.532000	42	29
0.532000	43	21
0.532000	44	9
0.532000	45	9
0.532000	46	1
0.533000	2	8233
0.533000	3	5385
0.533000	4	3823
0.533000	5	2799
0.533000	6	2165
0.533000	7	1716
0.533000	8	1339
0.533000	9	1155
0.533000	10	1011
0.533000	11	824
0.533000	12	772
0.533000	13	671
0.533000	14	580
0.533000	15	552
0.533000	16	528
0.533000	17	480
0.533000	18	408
0.533000	19	404
0.533000	20	374
0.533000	21	354
0.533000	22	329
0.533000	23	316
0.533000	24	302
0.533000	25	280
0.533000	26	245
0.533000	27	251
0.533000	28	218
0.533000	29	217
0.533000	30	223
0.533000	31	179
0.533000	32	169
0.533000	33	150
0.533000	34	133
0.533000	35	116
0.533000	36	114
0.533000	37	101
0.533000	38	84
0.533000	39	59
0.533000	40	57
0.533000	41	45
0.533000	42	28
0.533000	43	21
0.533000	44	10
0.533000	45	10
0.533000	46	2
0.534000	2	8183
0.534000	3	5354
0.534000	4	3803
0.534000	5	2780
0.534000	6	2138
0.534000	7	1714
0.534000	8	1333
0.534000	9	1164
0.534000	10	1010
0.534000	11	813
0.534000	12	777
0.534000	13	675
0.534000	14	587
0.534000	15	553
0.534000	16	522
0.534000	17	481
0.534000	18	411
0.534000	19	406
0.534000	20	372
0.534000	21	351
0.534000	22	332
0.534000	23	320
0.534000	24	303
0.534000	25	281
0.534000	26	249
0.534000	27	245
0.534000	28	223
0.534000	29	219
0.534000	30	219
0.534000	31	179
0.534000	32	173
0.534000	33	159
0.534000	34	137
0.534000	35	116
0.534000	36	119
0.534000	37	101
0.534000	38	84
0.534000	39	60
0.534000	40	56
0.534000	41	49
0.534000	42	30
0.534000	43	19
0.534000	44	11
0.534000	45	12
0.534000	46	2
0.535000	2	8136
0.535000	3	5349
0.535000	4	3772
0.535000	5	2773
0.535000	6	2124
0.535000	7	1701
0.535000	8	1340
0.535000	9	1172
0.535000	10	999
0.535000	11	805
0.535000	12	766
0.535000	13	683
0.535000	14	588
0.535000	15	544
0.535000	16	531
0.535000	17	484
0.535000	18	412
0.535000	19	406
0.535000	20	375
0.535000	21	355
0.535000	22	333
0.535000	23	319
0.535000	24	300
0.535000	25	282
0.535000	26	248
0.535000	27	249
0.535000	28	226
0.535000	29	220
0.535000	30	216
0.535000	31	176
0.535000	32	178
0.535000	33	166
0.535000	34	135
0.535000	35	120
0.535000	36	118
0.535000	37	108
0.535000	38	88
0.535000	39	63
0.535000	40	58
0.535000	41	49
0.535000	42	28
0.535000	43	22
0.535000	44	11
0.535000	45	11
0.535000	46	2
0.535000	47	1
0.536000	2	8115
0.536000	3	5317
0.536000	4	3762
0.536000	5	2756
0.536000	6	2112
0.536000	7	1694
0.536000	8	1334
0.536000	9	1178
0.536000	10	982
0.536000	11	812
0.536000	12	768
0.536000	13	682
0.536000	14	585
0.536000	15	534
0.536000	16	538
0.536000	17	480
0.536000	18	416
0.536000	19	398
0.536000	20	383
0.536000	21	353
0.536000	22	343
0.536000	23	322
0.536000	24	296
0.536000	25	277
0.536000	26	257
0.536000	27	248
0.536000	28	229
0.536000	29	221
0.536000	30	216
0.536000	31	181
0.536000	32	184
0.536000	33	166
0.536000	34	139
0.536000	35	121
0.536000	36	118
0.536000	37	104
0.536000	38	89
0.536000	39	69
0.536000	40	60
0.536000	41	48
0.536000	42	30
0.536000	43	24
0.536000	44	10
0.536000	45	13
0.536000	46	2
0.536000	47	1
0.537000	2	8064
0.537000	3	5288
0.537000	4	3753
0.537000	5	2747
0.537000	6	2098
0.537000	7	1681
0.537000	8	1331
0.537000	9	1169
0.537000	10	984
0.537000	11	813
0.537000	12	758
0.537000	13	685
0.537000	14	585
0.537000	15	537
0.537000	16	528
0.537000	17	478
0.537000	18	414
0.537000	19	395
0.537000	20	385
0.537000	21	356
0.537000	22	339
0.537000	23	336
0.537000	24	296
0.537000	25	273
0.537000	26	254
0.537000	27	256
0.537000	28	235
0.537000	29	224
0.537000	30	227
0.537000	31	183
0.537000	32	188
0.537000	33	161
0.537000	34	146
0.537000	35	117
0.537000	36	115
0.537000	37	111
0.537000	38	89
0.537000	39	74
0.537000	40	60
0.537000	41	47
0.537000	42	33
0.537000	43	22
0.537000	44	14
0.537000	45	13
0.537000	46	2
0.537000	48	1
0.538000	2	8011
0.538000	3	5253
0.538000	4	3739
0.538000	5	2722
0.538000	6	2086
0.538000	7	1666
0.538000	8	1335
0.538000	9	1167
0.538000	10	980
0.538000	11	810
0.538000	12	753
0.538000	13	680
0.538000	14	580
0.538000	15	545
0.538000	16	529
0.538000	17	480
0.538000	18	412
0.538000	19	398
0.538000	20	383
0.538000	21	362
0.538000	22	339
0.538000	23	342
0.538000	24	303
0.538000	25	273
0.538000	26	253
0.538000	27	248
0.538000	28	237
0.538000	29	230
0.538000	30	221
0.538000	31	195
0.538000	32	188
0.538000	33	169
0.538000	34	145
0.538000	35	121
0.538000	36	111
0.538000	37	114
0.538000	38	91
0.538000	39	79
0.538000	40	57
0.538000	41	51
0.538000	42	36
0.538000	43	24
0.538000	44	14
0.538000	45	13
0.538000	46	2
0.538000	48	1
0.538999	2	7970
0.538999	3	5224
0.538999	4	3708
0.538999	5	2710
0.538999	6	2082
0.538999	7	1647
0.538999	8	1325
0.538999	9	1179
0.538999	10	975
0.538999	11	795
0.538999	12	756
0.538999	13	676
0.538999	14	582
0.538999	15	543
0.538999	16	526
0.538999	17	472
0.538999	18	412
0.538999	19	399
0.538999	20	382
0.538999	21	370
0.538999	22	336
0.538999	23	346
0.538999	24	299
0.538999	25	276
0.538999	26	252
0.538999	27	252
0.538999	28	238
0.538999	29	231
0.538999	30	226
0.538999	31	201
0.538999	32	189
0.538999	33	170
0.538999	34	146
0.538999	35	128
0.538999	36	112
0.538999	37	114
0.538999	38	94
0.538999	39	79
0.538999	40	66
0.538999	41	52
0.538999	42	36
0.538999	43	25
0.538999	44	17
0.538999	45	13
0.538999	46	2
0.538999	48	1
0.539999	2	7917
0.539999	3	5199
0.539999	4	3685
0.539999	5	2702
0.539999	6	2073
0.539999	7	1636
0.539999	8	1317
0.539999	9	1177
0.539999	10	971
0.539999	11	799
0.539999	12	749
0.539999	13	671
0.539999	14	579
0.539999	15	543
0.539999	16	528
0.539999	17	474
0.539999	18	411
0.539999	19	389
0.539999	20	382
0.539999	21	368
0.539999	22	342
0.539999	23	348
0.539999	24	303
0.539999	25	274
0.539999	26	259
0.539999	27	254
0.539999	28	241
0.539999	29	232
0.539999	30	222
0.539999	31	208
0.539999	32	197
0.539999	33	171
0.539999	34	148
0.539999	35	131
0.539999	36	113
0.539999	37	114
0.539999	38	99
0.539999	39	83
0.539999	40	68
0.539999	41	53
0.539999	42	35
0.539999	43	23
0.539999	44	18
0.539999	45	15
0.539999	46	3
0.539999	48	1
0.540999	2	7868
0.540999	3	5187
0.540999	4	3675
0.540999	5	2692
0.540999	6	2067
0.540999	7	1636
0.540999	8	1312
0.540999	9	1165
0.540999	10	966
0.540999	11	798
0.540999	12	749
0.540999	13	665
0.540999	14	589
0.540999	15	536
0.540999	16	529
0.540999	17	476
0.540999	18	409
0.540999	19	384
0.540999	20	384
0.540999	21	376
0.540999	22	343
0.540999	23	346
0.540999	24	302
0.540999	25	281
0.540999	26	259
0.540999	27	256
0.540999	28	246
0.540999	29	237
0.540999	30	221
0.540999	31	208
0.540999	32	195
0.540999	33	176
0.540999	34	155
0.540999	35	130
0.540999	36	116
0.540999	37	113
0.540999	38	97
0.540999	39	85
0.540999	40	72
0.540999	41	53
0.540999	42	37
0.540999	43	23
0.540999	44	17
0.540999	45	14
0.540999	46	5
0.540999	47	1
0.540999	48	1
0.541999	2	7810
0.541999	3	5161
0.541999	4	3657
0.541999	5	2675
0.541999	6	2050
0.541999	7	1624
0.541999	8	1306
0.541999	9	1158
0.541999	10	954
0.541999	11	791
0.541999	12	742
0.541999	13	664
0.541999	14	594
0.541999	15	531
0.541999	16	536
0.541999	17	485
0.541999	18	409
0.541999	19	379
0.541999	20	384
0.541999	21	382
0.541999	22	344
0.541999	23	347
0.541999	24	299
0.541999	25	283
0.541999	26	268
0.541999	27	248
0.541999	28	251
0.541999	29	230
0.541999	30	219
0.541999	31	214
0.541999	32	202
0.541999	33	180
0.541999	34	154
0.541999	35	137
0.541999	36	118
0.541999	37	120
0.541999	38	94
0.541999	39	89
0.541999	40	77
0.541999	41	54
0.541999	42	38
0.541999	43	24
0.541999	44	18
0.541999	45	14
0.541999	46	5
0.541999	47	1
0.541999	48	1
0.542999	2	7774
0.542999	3	5119
0.542999	4	3636
0.542999	5	2674
0.542999	6	2058
0.542999	7	1598
0.542999	8	1302
0.542999	9	1152
0.542999	10	964
0.542999	11	795
0.542999	12	733
0.542999	13	670
0.542999	14	594
0.542999	15	536
0.542999	16	537
0.542999	17	484
0.542999	18	405
0.542999	19	385
0.542999	20	384
0.542999	21	380
0.542999	22	348
0.542999	23	348
0.542999	24	293
0.542999	25	285
0.542999	26	271
0.542999	27	246
0.542999	28	252
0.542999	29	237
0.542999	30	222
0.542999	31	213
0.542999	32	199
0.542999	33	182
0.542999	34	165
0.542999	35	134
0.542999	36	119
0.542999	37	123
0.542999	38	102
0.542999	39	82
0.542999	40	80
0.542999	41	55
0.542999	42	42
0.542999	43	24
0.542999	44	17
0.542999	45	13
0.542999	46	7
0.542999	47	1
0.542999	48	1
0.543999	2	7730
0.543999	3	5099
0.543999	4	3609
0.543999	5	2636
0.543999	6	2058
0.543999	7	1597
0.543999	8	1297
0.543999	9	1137
0.543999	10	963
0.543999	11	799
0.543999	12	733
0.543999	13	663
0.543999	14	595
0.543999	15	540
0.543999	16	533
0.543999	17	477
0.543999	18	403
0.543999	19	389
0.543999	20	389
0.543999	21	377
0.543999	22	354
0.543999	23	343
0.543999	24	292
0.543999	25	280
0.543999	26	278
0.543999	27	246
0.543999	28	259
0.543999	29	233
0.543999	30	221
0.543999	31	216
0.543999	32	204
0.543999	33	182
0.543999	34	174
0.543999	35	133
0.543999	36	120
0.543999	37	127
0.543999	38	109
0.543999	39	88
0.543999	40	82
0.543999	41	57
0.543999	42	42
0.543999	43	21
0.543999	44	20
0.543999	45	13
0.543999	46	8
0.543999	47	1
0.543999	48	1
0.544999	2	7674
0.544999	3	5063
0.544999	4	3590
0.544999	5	2614
0.544999	6	2046
0.544999	7	1584
0.544999	8	1296
0.544999	9	1133
0.544999	10	954
0.544999	11	810
0.544999	12	729
0.544999	13	664
0.544999	14	591
0.544999	15	535
0.544999	16	536
0.544999	17	483
0.544999	18	407
0.544999	19	384
0.544999	20	389
0.544999	21	374
0.544999	22	355
0.544999	23	342
0.544999	24	288
0.544999	25	284
0.544999	26	285
0.544999	27	250
0.544999	28	261
0.544999	29	239
0.544999	30	220
0.544999	31	215
0.544999	32	203
0.544999	33	189
0.544999	34	179
0.544999	35	134
0.544999	36	122
0.544999	37	129
0.544999	38	111
0.544999	39	92
0.544999	40	80
0.544999	41	59
0.544999	42	47
0.544999	43	21
0.544999	44	21
0.544999	45	12
0.544999	46	9
0.544999	47	1
0.544999	48	1
0.545999	2	7641
0.545999	3	5046
0.545999	4	3571
0.545999	5	2589
0.545999	6	2040
0.545999	7	1567
0.545999	8	1300
0.545999	9	1130
0.545999	10	954
0.545999	11	799
0.545999	12	719
0.545999	13	670
0.545999	14	584
0.545999	15	537
0.545999	16	537
0.545999	17	482
0.545999	18	411
0.545999	19	384
0.545999	20	388
0.545999	21	377
0.545999	22	351
0.545999	23	344
0.545999	24	294
0.545999	25	286
0.545999	26	278
0.545999	27	253
0.545999	28	261
0.545999	29	236
0.545999	30	227
0.545999	31	214
0.545999	32	206
0.545999	33	194
0.545999	34	185
0.545999	35	133
0.545999	36	127
0.545999	37	131
0.545999	38	111
0.545999	39	92
0.545999	40	86
0.545999	41	60
0.545999	42	47
0.545999	43	26
0.545999	44	22
0.545999	45	11
0.545999	46	9
0.545999	47	2
0.545999	48	1
0.546999	2	7599
0.546999	3	5021
0.546999	4	3543
0.546999	5	2578
0.546999	6	2034
0.546999	7	1547
0.546999	8	1296
0.546999	9	1115
0.546999	10	950
0.546999	11	793
0.546999	12	724
0.546999	13	668
0.546999	14	580
0.546999	15	544
0.546999	16	524
0.546999	17	480
0.546999	18	425
0.546999	19	384
0.546999	20	385
0.546999	21	376
0.546999	22	350
0.546999	23	344
0.546999	24	298
0.546999	25	282
0.546999	26	279
0.546999	27	253
0.546999	28	263
0.546999	29	243
0.546999	30	230
0.546999	31	213
0.546999	32	208
0.546999	33	196
0.546999	34	188
0.546999	35	142
0.546999	36	132
0.546999	37	124
0.546999	38	117
0.546999	39	96
0.546999	40	87
0.546999	41	60
0.546999	42	53
0.546999	43	26
0.546999	44	21
0.546999	45	12
0.546999	46	8
0.546999	47	4
0.546999	48	1
0.547999	2	7557
0.547999	3	5007
0.547999	4	3514
0.547999	5	2563
0.547999	6	2023
0.547999	7	1531
0.547999	8	1275
0.547999	9	1114
0.547999	10	956
0.547999	11	778
0.547999	12	721
0.547999	13	667
0.547999	14	580
0.547999	15	550
0.547999	16	518
0.547999	17	480
0.547999	18	436
0.547999	19	378
0.547999	20	389
0.547999	21	378
0.547999	22	348
0.547999	23	350
0.547999	24	300
0.547999	25	285
0.547999	26	273
0.547999	27	246
0.547999	28	269
0.547999	29	246
0.547999	30	237
0.547999	31	211
0.547999	32	208
0.547999	33	199
0.547999	34	193
0.547999	35	142
0.547999	36	141
0.547999	37	129
0.547999	38	115
0.547999	39	103
0.547999	40	86
0.547999	41	58
0.547999	42	54
0.547999	43	27
0.547999	44	24
0.547999	45	12
0.547999	46	6
0.547999	47	6
0.547999	48	1
0.548999	2	7501
0.548999	3	4973
0.548999	4	3489
0.548999	5	2556
0.548999	6	2014
0.548999	7	1527
0.548999	8	1257
0.548999	9	1114
0.548999	10	945
0.548999	11	774
0.548999	12	720
0.548999	13	669
0.548999	14	577
0.548999	15	539
0.548999	16	509
0.548999	17	479
0.548999	18	436
0.548999	19	378
0.548999	20	390
0.548999	21	368
0.548999	22	358
0.548999	23	351
0.548999	24	311
0.548999	25	285
0.548999	26	272
0.548999	27	249
0.548999	28	267
0.548999	29	244
0.548999	30	247
0.548999	31	213
0.548999	32	212
0.548999	33	208
0.548999	34	193
0.548999	35	139
0.548999	36	149
0.548999	37	134
0.548999	38	115
0.548999	39	105
0.548999	40	86
0.548999	41	58
0.548999	42	61
0.548999	43	27
0.548999	44	26
0.548999	45	12
0.548999	46	5
0.548999	47	7
0.548999	48	1
0.549999	2	7471
0.549999	3	4950
0.549999	4	3468
0.549999	5	2550
0.549999	6	2000
0.549999	7	1523
0.549999	8	1251
0.549999	9	1110
0.549999	10	936
0.549999	11	777
0.549999	12	717
0.549999	13	668
0.549999	14	562
0.549999	15	543
0.549999	16	512
0.549999	17	479
0.549999	18	438
0.549999	19	384
0.549999	20	381
0.549999	21	365
0.549999	22	359
0.549999	23	353
0.549999	24	312
0.549999	25	286
0.549999	26	271
0.549999	27	249
0.549999	28	269
0.549999	29	251
0.549999	30	242
0.549999	31	222
0.549999	32	214
0.549999	33	212
0.549999	34	195
0.549999	35	142
0.549999	36	145
0.549999	37	133
0.549999	38	124
0.549999	39	111
0.549999	40	89
0.549999	41	57
0.549999	42	60
0.549999	43	30
0.549999	44	28
0.549999	45	12
0.549999	46	4
0.549999	47	7
0.549999	48	2
0.550999	2	7442
0.550999	3	4918
0.550999	4	3462
0.550999	5	2525
0.550999	6	1983
0.550999	7	1512
0.550999	8	1243
0.550999	9	1112
0.550999	10	924
0.550999	11	776
0.550999	12	716
0.550999	13	663
0.550999	14	557
0.550999	15	547
0.550999	16	506
0.550999	17	477
0.550999	18	431
0.550999	19	389
0.550999	20	373
0.550999	21	360
0.550999	22	366
0.550999	23	354
0.550999	24	304
0.550999	25	289
0.550999	26	285
0.550999	27	254
0.550999	28	267
0.550999	29	252
0.550999	30	250
0.550999	31	220
0.550999	32	222
0.550999	33	209
0.550999	34	195
0.550999	35	152
0.550999	36	144
0.550999	37	137
0.550999	38	128
0.550999	39	115
0.550999	40	85
0.550999	41	62
0.550999	42	61
0.550999	43	34
0.550999	44	28
0.550999	45	12
0.550999	46	5
0.550999	47	6
0.550999	48	2
0.550999	50	1
0.551999	2	7390
0.551999	3	4894
0.551999	4	3439
0.551999	5	2525
0.551999	6	1950
0.551999	7	1504
0.551999	8	1238
0.551999	9	1105
0.551999	10	922
0.551999	11	774
0.551999	12	710
0.551999	13	663
0.551999	14	556
0.551999	15	540
0.551999	16	501
0.551999	17	478
0.551999	18	429
0.551999	19	388
0.551999	20	381
0.551999	21	372
0.551999	22	362
0.551999	23	352
0.551999	24	309
0.551999	25	294
0.551999	26	284
0.551999	27	254
0.551999	28	275
0.551999	29	256
0.551999	30	240
0.551999	31	229
0.551999	32	222
0.551999	33	205
0.551999	34	195
0.551999	35	163
0.551999	36	145
0.551999	37	142
0.551999	38	123
0.551999	39	119
0.551999	40	82
0.551999	41	70
0.551999	42	62
0.551999	43	36
0.551999	44	31
0.551999	45	11
0.551999	46	6
0.551999	47	5
0.551999	48	3
0.551999	50	1
0.552999	2	7349
0.552999	3	4876
0.552999	4	3414
0.552999	5	2496
0.552999	6	1937
0.552999	7	1496
0.552999	8	1229
0.552999	9	1093
0.552999	10	906
0.552999	11	768
0.552999	12	700
0.552999	13	667
0.552999	14	563
0.552999	15	532
0.552999	16	500
0.552999	17	487
0.552999	18	422
0.552999	19	387
0.552999	20	379
0.552999	21	375
0.552999	22	359
0.552999	23	354
0.552999	24	313
0.552999	25	294
0.552999	26	282
0.552999	27	253
0.552999	28	286
0.552999	29	255
0.552999	30	244
0.552999	31	230
0.552999	32	229
0.552999	33	202
0.552999	34	201
0.552999	35	167
0.552999	36	146
0.552999	37	149
0.552999	38	124
0.552999	39	125
0.552999	40	81
0.552999	41	74
0.552999	42	60
0.552999	43	39
0.552999	44	32
0.552999	45	13
0.552999	46	5
0.552999	47	6
0.552999	48	3
0.552999	50	1
0.553999	2	7316
0.553999	3	4850
0.553999	4	3390
0.553999	5	2484
0.553999	6	1928
0.553999	7	1490
0.553999	8	1215
0.553999	9	1088
0.553999	10	907
0.553999	11	773
0.553999	12	697
0.553999	13	664
0.553999	14	569
0.553999	15	526
0.553999	16	495
0.553999	17	485
0.553999	18	426
0.553999	19	392
0.553999	20	377
0.553999	21	382
0.553999	22	357
0.553999	23	348
0.553999	24	321
0.553999	25	298
0.553999	26	276
0.553999	27	253
0.553999	28	282
0.553999	29	254
0.553999	30	245
0.553999	31	237
0.553999	32	229
0.553999	33	204
0.553999	34	199
0.553999	35	168
0.553999	36	150
0.553999	37	152
0.553999	38	131
0.553999	39	123
0.553999	40	89
0.553999	41	77
0.553999	42	60
0.553999	43	43
0.553999	44	31
0.553999	45	15
0.553999	46	4
0.553999	47	7
0.553999	48	3
0.553999	50	1
0.554999	2	7261
0.554999	3	4830
0.554999	4	3364
0.554999	5	2474
0.554999	6	1934
0.554999	7	1477
0.554999	8	1220
0.554999	9	1089
0.554999	10	899
0.554999	11	772
0.554999	12	687
0.554999	13	658
0.554999	14	564
0.554999	15	519
0.554999	16	507
0.554999	17	483
0.554999	18	431
0.554999	19	396
0.554999	20	374
0.554999	21	376
0.554999	22	341
0.554999	23	358
0.554999	24	327
0.554999	25	301
0.554999	26	277
0.554999	27	249
0.554999	28	280
0.554999	29	247
0.554999	30	247
0.554999	31	241
0.554999	32	231
0.554999	33	209
0.554999	34	197
0.554999	35	176
0.554999	36	156
0.554999	37	155
0.554999	38	132
0.554999	39	133
0.554999	40	84
0.554999	41	80
0.554999	42	63
0.554999	43	45
0.554999	44	30
0.554999	45	20
0.554999	46	4
0.554999	47	7
0.554999	48	3
0.554999	50	1
0.555999	2	7220
0.555999	3	4789
0.555999	4	3355
0.555999	5	2461
0.555999	6	1920
0.555999	7	1463
0.555999	8	1219
0.555999	9	1088
0.555999	10	891
0.555999	11	774
0.555999	12	681
0.555999	13	646
0.555999	14	565
0.555999	15	523
0.555999	16	494
0.555999	17	486
0.555999	18	430
0.555999	19	396
0.555999	20	370
0.555999	21	376
0.555999	22	345
0.555999	23	357
0.555999	24	331
0.555999	25	303
0.555999	26	279
0.555999	27	249
0.555999	28	280
0.555999	29	250
0.555999	30	246
0.555999	31	249
0.555999	32	234
0.555999	33	206
0.555999	34	201
0.555999	35	189
0.555999	36	158
0.555999	37	159
0.555999	38	134
0.555999	39	135
0.555999	40	85
0.555999	41	74
0.555999	42	70
0.555999	43	46
0.555999	44	32
0.555999	45	20
0.555999	46	3
0.555999	47	8
0.555999	48	3
0.555999	50	1
0.556999	2	7172
0.556999	3	4744
0.556999	4	3332
0.556999	5	2443
0.556999	6	1918
0.556999	7	1462
0.556999	8	1220
0.556999	9	1089
0.556999	10	885
0.556999	11	773
0.556999	12	672
0.556999	13	643
0.556999	14	566
0.556999	15	527
0.556999	16	486
0.556999	17	483
0.556999	18	432
0.556999	19	401
0.556999	20	364
0.556999	21	374
0.556999	22	352
0.556999	23	359
0.556999	24	322
0.556999	25	300
0.556999	26	285
0.556999	27	248
0.556999	28	274
0.556999	29	254
0.556999	30	255
0.556999	31	249
0.556999	32	238
0.556999	33	216
0.556999	34	207
0.556999	35	188
0.556999	36	155
0.556999	37	160
0.556999	38	142
0.556999	39	133
0.556999	40	88
0.556999	41	79
0.556999	42	70
0.556999	43	49
0.556999	44	34
0.556999	45	19
0.556999	46	3
0.556999	47	9
0.556999	48	3
0.556999	49	1
0.556999	50	1
0.557999	2	7139
0.557999	3	4709
0.557999	4	3324
0.557999	5	2433
0.557999	6	1910
0.557999	7	1455
0.557999	8	1204
0.557999	9	1086
0.557999	10	885
0.557999	11	765
0.557999	12	682
0.557999	13	629
0.557999	14	566
0.557999	15	526
0.557999	16	485
0.557999	17	470
0.557999	18	428
0.557999	19	408
0.557999	20	364
0.557999	21	372
0.557999	22	354
0.557999	23	358
0.557999	24	324
0.557999	25	302
0.557999	26	290
0.557999	27	249
0.557999	28	277
0.557999	29	258
0.557999	30	255
0.557999	31	252
0.557999	32	237
0.557999	33	218
0.557999	34	208
0.557999	35	188
0.557999	36	157
0.557999	37	166
0.557999	38	146
0.557999	39	134
0.557999	40	92
0.557999	41	79
0.557999	42	71
0.557999	43	54
0.557999	44	35
0.557999	45	19
0.557999	46	3
0.557999	47	9
0.557999	48	3
0.557999	49	1
0.557999	50	1
0.558999	2	7078
0.558999	3	4695
0.558999	4	3313
0.558999	5	2418
0.558999	6	1911
0.558999	7	1452
0.558999	8	1199
0.558999	9	1074
0.558999	10	877
0.558999	11	769
0.558999	12	675
0.558999	13	618
0.558999	14	564
0.558999	15	518
0.558999	16	480
0.558999	17	470
0.558999	18	428
0.558999	19	389
0.558999	20	372
0.558999	21	374
0.558999	22	357
0.558999	23	358
0.558999	24	326
0.558999	25	302
0.558999	26	301
0.558999	27	251
0.558999	28	274
0.558999	29	261
0.558999	30	252
0.558999	31	258
0.558999	32	249
0.558999	33	217
0.558999	34	210
0.558999	35	186
0.558999	36	158
0.558999	37	174
0.558999	38	150
0.558999	39	136
0.558999	40	95
0.558999	41	84
0.558999	42	65
0.558999	43	61
0.558999	44	34
0.558999	45	20
0.558999	46	4
0.558999	47	9
0.558999	48	3
0.558999	49	1
0.558999	50	1
0.559999	2	7022
0.559999	3	4677
0.559999	4	3295
0.559999	5	2396
0.559999	6	1905
0.559999	7	1433
0.559999	8	1184
0.559999	9	1062
0.559999	10	873
0.559999	11	761
0.559999	12	673
0.559999	13	616
0.559999	14	562
0.559999	15	517
0.559999	16	484
0.559999	17	471
0.559999	18	424
0.559999	19	394
0.559999	20	366
0.559999	21	379
0.559999	22	361
0.559999	23	364
0.559999	24	327
0.559999	25	302
0.559999	26	296
0.559999	27	255
0.559999	28	282
0.559999	29	255
0.559999	30	254
0.559999	31	257
0.559999	32	245
0.559999	33	224
0.559999	34	211
0.559999	35	196
0.559999	36	160
0.559999	37	174
0.559999	38	152
0.559999	39	137
0.559999	40	99
0.559999	41	90
0.559999	42	64
0.559999	43	63
0.559999	44	36
0.559999	45	21
0.559999	46	5
0.559999	47	9
0.559999	48	3
0.559999	49	1
0.559999	50	1
0.560999	2	6981
0.560999	3	4655
0.560999	4	3274
0.560999	5	2393
0.560999	6	1883
0.560999	7	1434
0.560999	8	1183
0.560999	9	1050
0.560999	10	867
0.560999	11	753
0.560999	12	669
0.560999	13	619
0.560999	14	566
0.560999	15	512
0.560999	16	473
0.560999	17	470
0.560999	18	411
0.560999	19	406
0.560999	20	353
0.560999	21	387
0.560999	22	362
0.560999	23	357
0.560999	24	326
0.560999	25	307
0.560999	26	295
0.560999	27	258
0.560999	28	281
0.560999	29	260
0.560999	30	247
0.560999	31	260
0.560999	32	255
0.560999	33	225
0.560999	34	217
0.560999	35	201
0.560999	36	165
0.560999	37	174
0.560999	38	151
0.560999	39	141
0.560999	40	99
0.560999	41	98
0.560999	42	63
0.560999	43	64
0.560999	44	42
0.560999	45	21
0.560999	46	7
0.560999	47	8
0.560999	48	4
0.560999	49	1
0.560999	50	1
0.561999	2	6934
0.561999	3	4623
0.561999	4	3263
0.561999	5	2360
0.561999	6	1879
0.561999	7	1421
0.561999	8	1172
0.561999	9	1053
0.561999	10	867
0.561999	11	749
0.561999	12	663
0.561999	13	612
0.561999	14	570
0.561999	15	510
0.561999	16	461
0.561999	17	471
0.561999	18	405
0.561999	19	401
0.561999	20	352
0.561999	21	392
0.561999	22	366
0.561999	23	349
0.561999	24	327
0.561999	25	308
0.561999	26	308
0.561999	27	261
0.561999	28	280
0.561999	29	257
0.561999	30	247
0.561999	31	260
0.561999	32	258
0.561999	33	237
0.561999	34	213
0.561999	35	206
0.561999	36	169
0.561999	37	176
0.561999	38	152
0.561999	39	144
0.561999	40	106
0.561999	41	98
0.561999	42	69
0.561999	43	67
0.561999	44	42
0.561999	45	19
0.561999	46	10
0.561999	47	8
0.561999	48	4
0.561999	49	1
0.561999	50	1
0.562999	2	6892
0.562999	3	4589
0.562999	4	3245
0.562999	5	2346
0.562999	6	1875
0.562999	7	1400
0.562999	8	1171
0.562999	9	1045
0.562999	10	871
0.562999	11	748
0.562999	12	664
0.562999	13	598
0.562999	14	574
0.562999	15	508
0.562999	16	456
0.562999	17	468
0.562999	18	403
0.562999	19	399
0.562999	20	340
0.562999	21	397
0.562999	22	360
0.562999	23	354
0.562999	24	330
0.562999	25	309
0.562999	26	304
0.562999	27	268
0.562999	28	277
0.562999	29	263
0.562999	30	248
0.562999	31	270
0.562999	32	259
0.562999	33	239
0.562999	34	212
0.562999	35	207
0.562999	36	174
0.562999	37	178
0.562999	38	151
0.562999	39	158
0.562999	40	108
0.562999	41	99
0.562999	42	73
0.562999	43	66
0.562999	44	39
0.562999	45	24
0.562999	46	10
0.562999	47	7
0.562999	48	5
0.562999	49	1
0.562999	50	1
0.563999	2	6844
0.563999	3	4557
0.563999	4	3223
0.563999	5	2341
0.563999	6	1859
0.563999	7	1401
0.563999	8	1166
0.563999	9	1042
0.563999	10	872
0.563999	11	747
0.563999	12	665
0.563999	13	592
0.563999	14	574
0.563999	15	508
0.563999	16	445
0.563999	17	468
0.563999	18	406
0.563999	19	395
0.563999	20	337
0.563999	21	389
0.563999	22	358
0.563999	23	362
0.563999	24	324
0.563999	25	325
0.563999	26	300
0.563999	27	267
0.563999	28	273
0.563999	29	271
0.563999	30	259
0.563999	31	263
0.563999	32	263
0.563999	33	237
0.563999	34	214
0.563999	35	206
0.563999	36	183
0.563999	37	182
0.563999	38	150
0.563999	39	162
0.563999	40	106
0.563999	41	100
0.563999	42	82
0.563999	43	70
0.563999	44	39
0.563999	45	23
0.563999	46	11
0.563999	47	7
0.563999	48	5
0.563999	49	1
0.563999	50	1
0.564999	2	6797
0.564999	3	4527
0.564999	4	3201
0.564999	5	2324
0.564999	6	1845
0.564999	7	1399
0.564999	8	1167
0.564999	9	1035
0.564999	10	868
0.564999	11	740
0.564999	12	662
0.564999	13	589
0.564999	14	573
0.564999	15	506
0.564999	16	440
0.564999	17	465
0.564999	18	411
0.564999	19	391
0.564999	20	341
0.564999	21	388
0.564999	22	357
0.564999	23	360
0.564999	24	326
0.564999	25	322
0.564999	26	300
0.564999	27	266
0.564999	28	277
0.564999	29	268
0.564999	30	263
0.564999	31	270
0.564999	32	256
0.564999	33	239
0.564999	34	223
0.564999	35	202
0.564999	36	192
0.564999	37	189
0.564999	38	156
0.564999	39	165
0.564999	40	109
0.564999	41	100
0.564999	42	83
0.564999	43	72
0.564999	44	38
0.564999	45	26
0.564999	46	10
0.564999	47	9
0.564999	48	5
0.564999	49	1
0.564999	50	1
0.565999	2	6754
0.565999	3	4490
0.565999	4	3182
0.565999	5	2302
0.565999	6	1843
0.565999	7	1389
0.565999	8	1161
0.565999	9	1029
0.565999	10	870
0.565999	11	736
0.565999	12	665
0.565999	13	593
0.565999	14	559
0.565999	15	506
0.565999	16	439
0.565999	17	460
0.565999	18	412
0.565999	19	397
0.565999	20	337
0.565999	21	383
0.565999	22	353
0.565999	23	367
0.565999	24	322
0.565999	25	322
0.565999	26	301
0.565999	27	267
0.565999	28	275
0.565999	29	280
0.565999	30	261
0.565999	31	274
0.565999	32	255
0.565999	33	244
0.565999	34	228
0.565999	35	207
0.565999	36	195
0.565999	37	190
0.565999	38	155
0.565999	39	172
0.565999	40	109
0.565999	41	104
0.565999	42	81
0.565999	43	74
0.565999	44	39
0.565999	45	28
0.565999	46	10
0.565999	47	10
0.565999	48	5
0.565999	49	1
0.565999	50	1
0.566999	2	6711
0.566999	3	4475
0.566999	4	3150
0.566999	5	2283
0.566999	6	1832
0.566999	7	1378
0.566999	8	1154
0.566999	9	1025
0.566999	10	864
0.566999	11	734
0.566999	12	661
0.566999	13	594
0.566999	14	551
0.566999	15	506
0.566999	16	440
0.566999	17	455
0.566999	18	406
0.566999	19	397
0.566999	20	336
0.566999	21	384
0.566999	22	350
0.566999	23	373
0.566999	24	313
0.566999	25	317
0.566999	26	307
0.566999	27	265
0.566999	28	276
0.566999	29	292
0.566999	30	260
0.566999	31	278
0.566999	32	258
0.566999	33	242
0.566999	34	227
0.566999	35	216
0.566999	36	199
0.566999	37	193
0.566999	38	151
0.566999	39	174
0.566999	40	116
0.566999	41	111
0.566999	42	83
0.566999	43	79
0.566999	44	41
0.566999	45	28
0.566999	46	9
0.566999	47	10
0.566999	48	6
0.566999	49	1
0.566999	50	1
0.567999	2	6658
0.567999	3	4443
0.567999	4	3122
0.567999	5	2265
0.567999	6	1822
0.567999	7	1362
0.567999	8	1150
0.567999	9	1023
0.567999	10	865
0.567999	11	725
0.567999	12	665
0.567999	13	581
0.567999	14	550
0.567999	15	500
0.567999	16	445
0.567999	17	446
0.567999	18	411
0.567999	19	397
0.567999	20	338
0.567999	21	384
0.567999	22	352
0.567999	23	366
0.567999	24	321
0.567999	25	312
0.567999	26	311
0.567999	27	273
0.567999	28	277
0.567999	29	290
0.567999	30	266
0.567999	31	269
0.567999	32	260
0.567999	33	249
0.567999	34	224
0.567999	35	216
0.567999	36	210
0.567999	37	195
0.567999	38	148
0.567999	39	178
0.567999	40	124
0.567999	41	116
0.567999	42	81
0.567999	43	86
0.567999	44	42
0.567999	45	27
0.567999	46	11
0.567999	47	10
0.567999	48	6
0.567999	49	1
0.567999	50	1
0.568999	2	6615
0.568999	3	4407
0.568999	4	3090
0.568999	5	2254
0.568999	6	1814
0.568999	7	1356
0.568999	8	1126
0.568999	9	1007
0.568999	10	860
0.568999	11	728
0.568999	12	669
0.568999	13	586
0.568999	14	549
0.568999	15	495
0.568999	16	442
0.568999	17	440
0.568999	18	410
0.568999	19	397
0.568999	20	334
0.568999	21	379
0.568999	22	344
0.568999	23	363
0.568999	24	324
0.568999	25	317
0.568999	26	316
0.568999	27	277
0.568999	28	282
0.568999	29	293
0.568999	30	271
0.568999	31	269
0.568999	32	270
0.568999	33	243
0.568999	34	229
0.568999	35	211
0.568999	36	209
0.568999	37	204
0.568999	38	147
0.568999	39	183
0.568999	40	128
0.568999	41	118
0.568999	42	85
0.568999	43	81
0.568999	44	50
0.568999	45	30
0.568999	46	12
0.568999	47	11
0.568999	48	6
0.568999	49	1
0.568999	50	1
0.569999	2	6577
0.569999	3	4395
0.569999	4	3074
0.569999	5	2231
0.569999	6	1806
0.569999	7	1349
0.569999	8	1120
0.569999	9	1000
0.569999	10	855
0.569999	11	714
0.569999	12	671
0.569999	13	580
0.569999	14	543
0.569999	15	496
0.569999	16	437
0.569999	17	439
0.569999	18	403
0.569999	19	401
0.569999	20	330
0.569999	21	380
0.569999	22	346
0.569999	23	361
0.569999	24	323
0.569999	25	323
0.569999	26	315
0.569999	27	279
0.569999	28	285
0.569999	29	287
0.569999	30	278
0.569999	31	268
0.569999	32	279
0.569999	33	248
0.569999	34	233
0.569999	35	216
0.569999	36	200
0.569999	37	213
0.569999	38	147
0.569999	39	181
0.569999	40	134
0.569999	41	123
0.569999	42	91
0.569999	43	82
0.569999	44	51
0.569999	45	32
0.569999	46	12
0.569999	47	11
0.569999	48	6
0.569999	49	1
0.569999	50	1
0.570999	2	6532
0.570999	3	4364
0.570999	4	3056
0.570999	5	2214
0.570999	6	1795
0.570999	7	1349
0.570999	8	1121
0.570999	9	993
0.570999	10	853
0.570999	11	712
0.570999	12	667
0.570999	13	582
0.570999	14	545
0.570999	15	492
0.570999	16	434
0.570999	17	441
0.570999	18	408
0.570999	19	396
0.570999	20	332
0.570999	21	380
0.570999	22	337
0.570999	23	355
0.570999	24	336
0.570999	25	318
0.570999	26	314
0.570999	27	287
0.570999	28	285
0.570999	29	288
0.570999	30	280
0.570999	31	259
0.570999	32	284
0.570999	33	248
0.570999	34	242
0.570999	35	214
0.570999	36	205
0.570999	37	210
0.570999	38	161
0.570999	39	178
0.570999	40	132
0.570999	41	124
0.570999	42	97
0.570999	43	88
0.570999	44	50
0.570999	45	32
0.570999	46	14
0.570999	47	11
0.570999	48	7
0.570999	49	1
0.570999	50	1
0.571999	2	6484
0.571999	3	4346
0.571999	4	3030
0.571999	5	2202
0.571999	6	1775
0.571999	7	1338
0.571999	8	1123
0.571999	9	985
0.571999	10	838
0.571999	11	714
0.571999	12	656
0.571999	13	574
0.571999	14	546
0.571999	15	483
0.571999	16	438
0.571999	17	436
0.571999	18	403
0.571999	19	394
0.571999	20	334
0.571999	21	382
0.571999	22	340
0.571999	23	353
0.571999	24	335
0.571999	25	312
0.571999	26	322
0.571999	27	285
0.571999	28	291
0.571999	29	280
0.571999	30	290
0.571999	31	267
0.571999	32	285
0.571999	33	248
0.571999	34	241
0.571999	35	218
0.571999	36	214
0.571999	37	208
0.571999	38	166
0.571999	39	181
0.571999	40	143
0.571999	41	123
0.571999	42	97
0.571999	43	86
0.571999	44	53
0.571999	45	36
0.571999	46	16
0.571999	47	11
0.571999	48	7
0.571999	50	2
0.572999	2	6443
0.572999	3	4328
0.572999	4	3006
0.572999	5	2187
0.572999	6	1753
0.572999	7	1333
0.572999	8	1105
0.572999	9	970
0.572999	10	832
0.572999	11	717
0.572999	12	647
0.572999	13	565
0.572999	14	543
0.572999	15	486
0.572999	16	441
0.572999	17	435
0.572999	18	406
0.572999	19	383
0.572999	20	337
0.572999	21	378
0.572999	22	335
0.572999	23	353
0.572999	24	332
0.572999	25	316
0.572999	26	328
0.572999	27	277
0.572999	28	296
0.572999	29	281
0.572999	30	294
0.572999	31	276
0.572999	32	278
0.572999	33	250
0.572999	34	252
0.572999	35	219
0.572999	36	219
0.572999	37	212
0.572999	38	169
0.572999	39	178
0.572999	40	150
0.572999	41	125
0.572999	42	98
0.572999	43	94
0.572999	44	56
0.572999	45	36
0.572999	46	16
0.572999	47	12
0.572999	48	7
0.572999	49	1
0.572999	50	2
0.573999	2	6403
0.573999	3	4305
0.573999	4	2996
0.573999	5	2176
0.573999	6	1745
0.573999	7	1329
0.573999	8	1095
0.573999	9	962
0.573999	10	823
0.573999	11	714
0.573999	12	644
0.573999	13	564
0.573999	14	543
0.573999	15	481
0.573999	16	440
0.573999	17	439
0.573999	18	408
0.573999	19	375
0.573999	20	328
0.573999	21	378
0.573999	22	345
0.573999	23	341
0.573999	24	343
0.573999	25	308
0.573999	26	330
0.573999	27	278
0.573999	28	299
0.573999	29	274
0.573999	30	297
0.573999	31	285
0.573999	32	278
0.573999	33	255
0.573999	34	245
0.573999	35	229
0.573999	36	218
0.573999	37	217
0.573999	38	173
0.573999	39	180
0.573999	40	145
0.573999	41	131
0.573999	42	105
0.573999	43	97
0.573999	44	60
0.573999	45	36
0.573999	46	17
0.573999	47	12
0.573999	48	6
0.573999	49	3
0.573999	50	2
0.574999	2	6352
0.574999	3	4288
0.574999	4	2968
0.574999	5	2158
0.574999	6	1742
0.574999	7	1315
0.574999	8	1085
0.574999	9	959
0.574999	10	821
0.574999	11	712
0.574999	12	640
0.574999	13	560
0.574999	14	531
0.574999	15	481
0.574999	16	446
0.574999	17	440
0.574999	18	409
0.574999	19	376
0.574999	20	328
0.574999	21	373
0.574999	22	337
0.574999	23	345
0.574999	24	344
0.574999	25	305
0.574999	26	337
0.574999	27	275
0.574999	28	308
0.574999	29	273
0.574999	30	291
0.574999	31	277
0.574999	32	281
0.574999	33	264
0.574999	34	247
0.574999	35	229
0.574999	36	231
0.574999	37	220
0.574999	38	181
0.574999	39	180
0.574999	40	150
0.574999	41	131
0.574999	42	109
0.574999	43	96
0.574999	44	60
0.574999	45	39
0.574999	46	19
0.574999	47	12
0.574999	48	6
0.574999	49	3
0.574999	50	2
0.575999	2	6285
0.575999	3	4267
0.575999	4	2954
0.575999	5	2140
0.575999	6	1729
0.575999	7	1311
0.575999	8	1076
0.575999	9	956
0.575999	10	828
0.575999	11	709
0.575999	12	638
0.575999	13	546
0.575999	14	531
0.575999	15	479
0.575999	16	436
0.575999	17	430
0.575999	18	412
0.575999	19	368
0.575999	20	334
0.575999	21	368
0.575999	22	339
0.575999	23	345
0.575999	24	340
0.575999	25	314
0.575999	26	334
0.575999	27	280
0.575999	28	299
0.575999	29	281
0.575999	30	281
0.575999	31	285
0.575999	32	294
0.575999	33	267
0.575999	34	254
0.575999	35	229
0.575999	36	234
0.575999	37	218
0.575999	38	184
0.575999	39	184
0.575999	40	156
0.575999	41	131
0.575999	42	112
0.575999	43	99
0.575999	44	58
0.575999	45	41
0.575999	46	22
0.575999	47	13
0.575999	48	6
0.575999	49	3
0.575999	50	2
0.576999	2	6256
0.576999	3	4228
0.576999	4	2942
0.576999	5	2119
0.576999	6	1720
0.576999	7	1309
0.576999	8	1079
0.576999	9	944
0.576999	10	823
0.576999	11	705
0.576999	12	630
0.576999	13	531
0.576999	14	528
0.576999	15	487
0.576999	16	443
0.576999	17	418
0.576999	18	418
0.576999	19	359
0.576999	20	336
0.576999	21	372
0.576999	22	341
0.576999	23	337
0.576999	24	345
0.576999	25	308
0.576999	26	335
0.576999	27	281
0.576999	28	298
0.576999	29	286
0.576999	30	287
0.576999	31	287
0.576999	32	293
0.576999	33	265
0.576999	34	259
0.576999	35	232
0.576999	36	234
0.576999	37	222
0.576999	38	189
0.576999	39	190
0.576999	40	161
0.576999	41	133
0.576999	42	116
0.576999	43	95
0.576999	44	64
0.576999	45	40
0.576999	46	22
0.576999	47	15
0.576999	48	6
0.576999	49	3
0.576999	50	2
0.577999	2	6216
0.577999	3	4188
0.577999	4	2933
0.577999	5	2088
0.577999	6	1711
0.577999	7	1300
0.577999	8	1078
0.577999	9	939
0.577999	10	822
0.577999	11	706
0.577999	12	632
0.577999	13	523
0.577999	14	528
0.577999	15	476
0.577999	16	444
0.577999	17	419
0.577999	18	414
0.577999	19	361
0.577999	20	339
0.577999	21	367
0.577999	22	338
0.577999	23	335
0.577999	24	347
0.577999	25	305
0.577999	26	335
0.577999	27	284
0.577999	28	299
0.577999	29	289
0.577999	30	294
0.577999	31	288
0.577999	32	293
0.577999	33	274
0.577999	34	255
0.577999	35	233
0.577999	36	229
0.577999	37	233
0.577999	38	191
0.577999	39	197
0.577999	40	162
0.577999	41	134
0.577999	42	119
0.577999	43	95
0.577999	44	70
0.577999	45	43
0.577999	46	21
0.577999	47	15
0.577999	48	7
0.577999	49	2
0.577999	50	3
0.578999	2	6174
0.578999	3	4157
0.578999	4	2910
0.578999	5	2065
0.578999	6	1697
0.578999	7	1299
0.578999	8	1070
0.578999	9	936
0.578999	10	817
0.578999	11	706
0.578999	12	641
0.578999	13	517
0.578999	14	522
0.578999	15	474
0.578999	16	446
0.578999	17	416
0.578999	18	409
0.578999	19	362
0.578999	20	343
0.578999	21	359
0.578999	22	343
0.578999	23	335
0.578999	24	343
0.578999	25	306
0.578999	26	331
0.578999	27	284
0.578999	28	297
0.578999	29	288
0.578999	30	301
0.578999	31	291
0.578999	32	298
0.578999	33	278
0.578999	34	253
0.578999	35	240
0.578999	36	228
0.578999	37	239
0.578999	38	189
0.578999	39	208
0.578999	40	162
0.578999	41	139
0.578999	42	120
0.578999	43	90
0.578999	44	74
0.578999	45	49
0.578999	46	21
0.578999	47	15
0.578999	48	7
0.578999	49	2
0.578999	50	3
0.579999	2	6127
0.579999	3	4111
0.579999	4	2909
0.579999	5	2051
0.579999	6	1685
0.579999	7	1293
0.579999	8	1059
0.579999	9	928
0.579999	10	810
0.579999	11	699
0.579999	12	639
0.579999	13	510
0.579999	14	520
0.579999	15	475
0.579999	16	444
0.579999	17	409
0.579999	18	410
0.579999	19	360
0.579999	20	348
0.579999	21	346
0.579999	22	355
0.579999	23	328
0.579999	24	357
0.579999	25	301
0.579999	26	330
0.579999	27	288
0.579999	28	289
0.579999	29	297
0.579999	30	302
0.579999	31	291
0.579999	32	297
0.579999	33	282
0.579999	34	245
0.579999	35	249
0.579999	36	236
0.579999	37	239
0.579999	38	193
0.579999	39	212
0.579999	40	165
0.579999	41	136
0.579999	42	127
0.579999	43	92
0.579999	44	78
0.579999	45	51
0.579999	46	22
0.579999	47	17
0.579999	48	7
0.579999	49	2
0.579999	50	3
0.580999	2	6084
0.580999	3	4092
0.580999	4	2894
0.580999	5	2042
0.580999	6	1671
0.580999	7	1286
0.580999	8	1054
0.580999	9	914
0.580999	10	806
0.580999	11	699
0.580999	12	633
0.580999	13	511
0.580999	14	513
0.580999	15	474
0.580999	16	442
0.580999	17	408
0.580999	18	403
0.580999	19	355
0.580999	20	353
0.580999	21	346
0.580999	22	362
0.580999	23	330
0.580999	24	347
0.580999	25	306
0.580999	26	332
0.580999	27	286
0.580999	28	291
0.580999	29	296
0.580999	30	312
0.580999	31	291
0.580999	32	297
0.580999	33	278
0.580999	34	244
0.580999	35	254
0.580999	36	230
0.580999	37	245
0.580999	38	205
0.580999	39	213
0.580999	40	167
0.580999	41	143
0.580999	42	129
0.580999	43	96
0.580999	44	78
0.580999	45	52
0.580999	46	20
0.580999	47	21
0.580999	48	7
0.580999	49	2
0.580999	50	3
0.581999	2	6066
0.581999	3	4051
0.581999	4	2869
0.581999	5	2036
0.581999	6	1656
0.581999	7	1272
0.581999	8	1044
0.581999	9	909
0.581999	10	811
0.581999	11	694
0.581999	12	622
0.581999	13	510
0.581999	14	509
0.581999	15	479
0.581999	16	438
0.581999	17	411
0.581999	18	396
0.581999	19	361
0.581999	20	347
0.581999	21	343
0.581999	22	357
0.581999	23	331
0.581999	24	349
0.581999	25	313
0.581999	26	323
0.581999	27	283
0.581999	28	294
0.581999	29	295
0.581999	30	307
0.581999	31	297
0.581999	32	301
0.581999	33	286
0.581999	34	245
0.581999	35	252
0.581999	36	241
0.581999	37	234
0.581999	38	220
0.581999	39	210
0.581999	40	172
0.581999	41	152
0.581999	42	127
0.581999	43	100
0.581999	44	80
0.581999	45	54
0.581999	46	23
0.581999	47	22
0.581999	48	7
0.581999	49	1
0.581999	50	3
0.581999	51	1
0.582999	2	6044
0.582999	3	4010
0.582999	4	2864
0.582999	5	2018
0.582999	6	1645
0.582999	7	1261
0.582999	8	1029
0.582999	9	908
0.582999	10	807
0.582999	11	698
0.582999	12	616
0.582999	13	510
0.582999	14	509
0.582999	15	480
0.582999	16	439
0.582999	17	411
0.582999	18	398
0.582999	19	353
0.582999	20	349
0.582999	21	333
0.582999	22	353
0.582999	23	328
0.582999	24	356
0.582999	25	320
0.582999	26	315
0.582999	27	272
0.582999	28	300
0.582999	29	293
0.582999	30	309
0.582999	31	302
0.582999	32	308
0.582999	33	289
0.582999	34	246
0.582999	35	251
0.582999	36	239
0.582999	37	243
0.582999	38	222
0.582999	39	207
0.582999	40	184
0.582999	41	154
0.582999	42	129
0.582999	43	101
0.582999	44	85
0.582999	45	53
0.582999	46	23
0.582999	47	24
0.582999	48	8
0.582999	49	1
0.582999	50	3
0.582999	51	1
0.583999	2	6005
0.583999	3	3987
0.583999	4	2842
0.583999	5	2001
0.583999	6	1635
0.583999	7	1251
0.583999	8	1022
0.583999	9	904
0.583999	10	802
0.583999	11	688
0.583999	12	614
0.583999	13	512
0.583999	14	503
0.583999	15	470
0.583999	16	442
0.583999	17	412
0.583999	18	403
0.583999	19	353
0.583999	20	340
0.583999	21	324
0.583999	22	358
0.583999	23	331
0.583999	24	351
0.583999	25	319
0.583999	26	320
0.583999	27	274
0.583999	28	303
0.583999	29	297
0.583999	30	310
0.583999	31	293
0.583999	32	306
0.583999	33	293
0.583999	34	251
0.583999	35	256
0.583999	36	231
0.583999	37	250
0.583999	38	231
0.583999	39	207
0.583999	40	188
0.583999	41	163
0.583999	42	129
0.583999	43	104
0.583999	44	90
0.583999	45	55
0.583999	46	24
0.583999	47	23
0.583999	48	8
0.583999	49	2
0.583999	50	3
0.583999	51	1
0.584999	2	5962
0.584999	3	3962
0.584999	4	2805
0.584999	5	1995
0.584999	6	1621
0.584999	7	1241
0.584999	8	1019
0.584999	9	892
0.584999	10	804
0.584999	11	682
0.584999	12	605
0.584999	13	508
0.584999	14	505
0.584999	15	466
0.584999	16	448
0.584999	17	407
0.584999	18	388
0.584999	19	356
0.584999	20	342
0.584999	21	325
0.584999	22	360
0.584999	23	326
0.584999	24	355
0.584999	25	324
0.584999	26	317
0.584999	27	281
0.584999	28	293
0.584999	29	301
0.584999	30	314
0.584999	31	293
0.584999	32	310
0.584999	33	279
0.584999	34	265
0.584999	35	260
0.584999	36	232
0.584999	37	256
0.584999	38	233
0.584999	39	203
0.584999	40	189
0.584999	41	171
0.584999	42	136
0.584999	43	97
0.584999	44	102
0.584999	45	59
0.584999	46	23
0.584999	47	24
0.584999	48	8
0.584999	49	1
0.584999	50	4
0.584999	51	1
0.585999	2	5917
0.585999	3	3946
0.585999	4	2785
0.585999	5	1982
0.585999	6	1609
0.585999	7	1222
0.585999	8	1018
0.585999	9	887
0.585999	10	791
0.585999	11	670
0.585999	12	603
0.585999	13	502
0.585999	14	502
0.585999	15	459
0.585999	16	444
0.585999	17	408
0.585999	18	378
0.585999	19	357
0.585999	20	341
0.585999	21	324
0.585999	22	362
0.585999	23	323
0.585999	24	357
0.585999	25	315
0.585999	26	318
0.585999	27	283
0.585999	28	302
0.585999	29	312
0.585999	30	310
0.585999	31	289
0.585999	32	316
0.585999	33	283
0.585999	34	268
0.585999	35	252
0.585999	36	237
0.585999	37	258
0.585999	38	245
0.585999	39	200
0.585999	40	194
0.585999	41	176
0.585999	42	137
0.585999	43	106
0.585999	44	100
0.585999	45	64
0.585999	46	24
0.585999	47	25
0.585999	48	8
0.585999	49	2
0.585999	50	4
0.585999	51	1
0.586999	2	5876
0.586999	3	3908
0.586999	4	2758
0.586999	5	1966
0.586999	6	1599
0.586999	7	1217
0.586999	8	1008
0.586999	9	876
0.586999	10	780
0.586999	11	661
0.586999	12	602
0.586999	13	504
0.586999	14	503
0.586999	15	450
0.586999	16	442
0.586999	17	407
0.586999	18	371
0.586999	19	352
0.586999	20	350
0.586999	21	321
0.586999	22	355
0.586999	23	321
0.586999	24	364
0.586999	25	313
0.586999	26	316
0.586999	27	288
0.586999	28	295
0.586999	29	309
0.586999	30	314
0.586999	31	286
0.586999	32	322
0.586999	33	289
0.586999	34	267
0.586999	35	245
0.586999	36	239
0.586999	37	263
0.586999	38	250
0.586999	39	205
0.586999	40	206
0.586999	41	178
0.586999	42	144
0.586999	43	108
0.586999	44	102
0.586999	45	69
0.586999	46	27
0.586999	47	25
0.586999	48	8
0.586999	49	2
0.586999	50	4
0.586999	51	1
0.587999	2	5835
0.587999	3	3874
0.587999	4	2738
0.587999	5	1953
0.587999	6	1594
0.587999	7	1208
0.587999	8	993
0.587999	9	867
0.587999	10	768
0.587999	11	645
0.587999	12	604
0.587999	13	496
0.587999	14	491
0.587999	15	450
0.587999	16	438
0.587999	17	401
0.587999	18	377
0.587999	19	351
0.587999	20	350
0.587999	21	328
0.587999	22	355
0.587999	23	314
0.587999	24	357
0.587999	25	308
0.587999	26	322
0.587999	27	299
0.587999	28	292
0.587999	29	316
0.587999	30	310
0.587999	31	292
0.587999	32	316
0.587999	33	289
0.587999	34	273
0.587999	35	245
0.587999	36	242
0.587999	37	265
0.587999	38	261
0.587999	39	208
0.587999	40	200
0.587999	41	188
0.587999	42	150
0.587999	43	113
0.587999	44	103
0.587999	45	68
0.587999	46	30
0.587999	47	28
0.587999	48	7
0.587999	49	3
0.587999	50	4
0.587999	51	1
0.588999	2	5802
0.588999	3	3850
0.588999	4	2710
0.588999	5	1942
0.588999	6	1579
0.588999	7	1213
0.588999	8	987
0.588999	9	852
0.588999	10	768
0.588999	11	642
0.588999	12	605
0.588999	13	495
0.588999	14	493
0.588999	15	444
0.588999	16	431
0.588999	17	401
0.588999	18	378
0.588999	19	352
0.588999	20	343
0.588999	21	327
0.588999	22	350
0.588999	23	310
0.588999	24	360
0.588999	25	314
0.588999	26	321
0.588999	27	294
0.588999	28	295
0.588999	29	321
0.588999	30	308
0.588999	31	287
0.588999	32	315
0.588999	33	285
0.588999	34	278
0.588999	35	255
0.588999	36	240
0.588999	37	273
0.588999	38	258
0.588999	39	214
0.588999	40	197
0.588999	41	199
0.588999	42	151
0.588999	43	114
0.588999	44	105
0.588999	45	73
0.588999	46	31
0.588999	47	30
0.588999	48	9
0.588999	49	3
0.588999	50	5
0.588999	52	1
0.589999	2	5754
0.589999	3	3821
0.589999	4	2683
0.589999	5	1923
0.589999	6	1560
0.589999	7	1213
0.589999	8	982
0.589999	9	853
0.589999	10	770
0.589999	11	639
0.589999	12	608
0.589999	13	479
0.589999	14	498
0.589999	15	438
0.589999	16	426
0.589999	17	403
0.589999	18	379
0.589999	19	347
0.589999	20	340
0.589999	21	328
0.589999	22	349
0.589999	23	312
0.589999	24	355
0.589999	25	313
0.589999	26	323
0.589999	27	294
0.589999	28	296
0.589999	29	319
0.589999	30	313
0.589999	31	288
0.589999	32	306
0.589999	33	297
0.589999	34	273
0.589999	35	251
0.589999	36	252
0.589999	37	279
0.589999	38	266
0.589999	39	215
0.589999	40	199
0.589999	41	201
0.589999	42	157
0.589999	43	113
0.589999	44	110
0.589999	45	75
0.589999	46	33
0.589999	47	30
0.589999	48	10
0.589999	49	3
0.589999	50	5
0.589999	52	1
0.590999	2	5708
0.590999	3	3787
0.590999	4	2667
0.590999	5	1900
0.590999	6	1546
0.590999	7	1204
0.590999	8	968
0.590999	9	847
0.590999	10	772
0.590999	11	635
0.590999	12	609
0.590999	13	474
0.590999	14	497
0.590999	15	433
0.590999	16	424
0.590999	17	397
0.590999	18	367
0.590999	19	356
0.590999	20	336
0.590999	21	330
0.590999	22	347
0.590999	23	308
0.590999	24	350
0.590999	25	314
0.590999	26	325
0.590999	27	290
0.590999	28	297
0.590999	29	318
0.590999	30	317
0.590999	31	282
0.590999	32	313
0.590999	33	305
0.590999	34	274
0.590999	35	250
0.590999	36	258
0.590999	37	279
0.590999	38	267
0.590999	39	214
0.590999	40	207
0.590999	41	219
0.590999	42	156
0.590999	43	118
0.590999	44	108
0.590999	45	78
0.590999	46	34
0.590999	47	32
0.590999	48	12
0.590999	49	3
0.590999	50	5
0.590999	52	1
0.591999	2	5685
0.591999	3	3772
0.591999	4	2649
0.591999	5	1893
0.591999	6	1535
0.591999	7	1190
0.591999	8	958
0.591999	9	846
0.591999	10	760
0.591999	11	632
0.591999	12	602
0.591999	13	479
0.591999	14	496
0.591999	15	429
0.591999	16	415
0.591999	17	397
0.591999	18	363
0.591999	19	359
0.591999	20	332
0.591999	21	326
0.591999	22	339
0.591999	23	319
0.591999	24	348
0.591999	25	315
0.591999	26	321
0.591999	27	283
0.591999	28	292
0.591999	29	320
0.591999	30	319
0.591999	31	284
0.591999	32	325
0.591999	33	304
0.591999	34	277
0.591999	35	244
0.591999	36	256
0.591999	37	287
0.591999	38	266
0.591999	39	216
0.591999	40	218
0.591999	41	223
0.591999	42	164
0.591999	43	121
0.591999	44	111
0.591999	45	81
0.591999	46	36
0.591999	47	29
0.591999	48	16
0.591999	49	3
0.591999	50	5
0.591999	52	1
0.592999	2	5645
0.592999	3	3751
0.592999	4	2630
0.592999	5	1889
0.592999	6	1531
0.592999	7	1182
0.592999	8	955
0.592999	9	841
0.592999	10	754
0.592999	11	624
0.592999	12	598
0.592999	13	478
0.592999	14	493
0.592999	15	425
0.592999	16	416
0.592999	17	394
0.592999	18	363
0.592999	19	357
0.592999	20	334
0.592999	21	326
0.592999	22	335
0.592999	23	323
0.592999	24	348
0.592999	25	310
0.592999	26	315
0.592999	27	283
0.592999	28	286
0.592999	29	319
0.592999	30	324
0.592999	31	289
0.592999	32	329
0.592999	33	304
0.592999	34	281
0.592999	35	241
0.592999	36	255
0.592999	37	292
0.592999	38	274
0.592999	39	213
0.592999	40	227
0.592999	41	230
0.592999	42	160
0.592999	43	129
0.592999	44	108
0.592999	45	84
0.592999	46	39
0.592999	47	30
0.592999	48	17
0.592999	49	4
0.592999	50	5
0.592999	52	1
0.593999	2	5602
0.593999	3	3719
0.593999	4	2621
0.593999	5	1869
0.593999	6	1524
0.593999	7	1173
0.593999	8	946
0.593999	9	827
0.593999	10	750
0.593999	11	624
0.593999	12	585
0.593999	13	480
0.593999	14	493
0.593999	15	426
0.593999	16	411
0.593999	17	390
0.593999	18	374
0.593999	19	359
0.593999	20	325
0.593999	21	323
0.593999	22	335
0.593999	23	310
0.593999	24	354
0.593999	25	307
0.593999	26	314
0.593999	27	282
0.593999	28	286
0.593999	29	323
0.593999	30	324
0.593999	31	293
0.593999	32	326
0.593999	33	300
0.593999	34	287
0.593999	35	238
0.593999	36	264
0.593999	37	289
0.593999	38	277
0.593999	39	214
0.593999	40	230
0.593999	41	244
0.593999	42	170
0.593999	43	130
0.593999	44	108
0.593999	45	88
0.593999	46	42
0.593999	47	30
0.593999	48	18
0.593999	49	4
0.593999	50	5
0.593999	52	1
0.594999	2	5559
0.594999	3	3694
0.594999	4	2592
0.594999	5	1864
0.594999	6	1504
0.594999	7	1161
0.594999	8	936
0.594999	9	826
0.594999	10	746
0.594999	11	621
0.594999	12	566
0.594999	13	488
0.594999	14	485
0.594999	15	424
0.594999	16	406
0.594999	17	393
0.594999	18	369
0.594999	19	361
0.594999	20	324
0.594999	21	332
0.594999	22	330
0.594999	23	307
0.594999	24	347
0.594999	25	313
0.594999	26	313
0.594999	27	282
0.594999	28	280
0.594999	29	320
0.594999	30	323
0.594999	31	301
0.594999	32	320
0.594999	33	298
0.594999	34	287
0.594999	35	252
0.594999	36	268
0.594999	37	296
0.594999	38	282
0.594999	39	215
0.594999	40	229
0.594999	41	247
0.594999	42	176
0.594999	43	134
0.594999	44	112
0.594999	45	86
0.594999	46	48
0.594999	47	32
0.594999	48	19
0.594999	49	4
0.594999	50	5
0.594999	52	1
0.595999	2	5523
0.595999	3	3673
0.595999	4	2582
0.595999	5	1850
0.595999	6	1486
0.595999	7	1154
0.595999	8	930
0.595999	9	818
0.595999	10	743
0.595999	11	621
0.595999	12	553
0.595999	13	487
0.595999	14	486
0.595999	15	426
0.595999	16	407
0.595999	17	388
0.595999	18	359
0.595999	19	361
0.595999	20	332
0.595999	21	325
0.595999	22	330
0.595999	23	307
0.595999	24	340
0.595999	25	316
0.595999	26	314
0.595999	27	278
0.595999	28	285
0.595999	29	322
0.595999	30	319
0.595999	31	305
0.595999	32	322
0.595999	33	298
0.595999	34	298
0.595999	35	253
0.595999	36	268
0.595999	37	290
0.595999	38	283
0.595999	39	226
0.595999	40	236
0.595999	41	233
0.595999	42	190
0.595999	43	138
0.595999	44	116
0.595999	45	89
0.595999	46	47
0.595999	47	33
0.595999	48	21
0.595999	49	4
0.595999	50	5
0.595999	52	1
0.596999	2	5467
0.596999	3	3663
0.596999	4	2568
0.596999	5	1844
0.596999	6	1473
0.596999	7	1147
0.596999	8	926
0.596999	9	808
0.596999	10	736
0.596999	11	618
0.596999	12	557
0.596999	13	479
0.596999	14	486
0.596999	15	429
0.596999	16	398
0.596999	17	388
0.596999	18	350
0.596999	19	364
0.596999	20	329
0.596999	21	323
0.596999	22	327
0.596999	23	307
0.596999	24	334
0.596999	25	321
0.596999	26	311
0.596999	27	284
0.596999	28	287
0.596999	29	325
0.596999	30	314
0.596999	31	312
0.596999	32	321
0.596999	33	297
0.596999	34	306
0.596999	35	258
0.596999	36	272
0.596999	37	287
0.596999	38	278
0.596999	39	241
0.596999	40	227
0.596999	41	238
0.596999	42	191
0.596999	43	146
0.596999	44	120
0.596999	45	91
0.596999	46	47
0.596999	47	34
0.596999	48	22
0.596999	49	5
0.596999	50	5
0.596999	52	1
0.597999	2	5449
0.597999	3	3625
0.597999	4	2546
0.597999	5	1828
0.597999	6	1461
0.597999	7	1143
0.597999	8	922
0.597999	9	803
0.597999	10	728
0.597999	11	605
0.597999	12	560
0.597999	13	475
0.597999	14	477
0.597999	15	431
0.597999	16	392
0.597999	17	383
0.597999	18	356
0.597999	19	368
0.597999	20	324
0.597999	21	331
0.597999	22	327
0.597999	23	305
0.597999	24	335
0.597999	25	328
0.597999	26	314
0.597999	27	285
0.597999	28	279
0.597999	29	316
0.597999	30	325
0.597999	31	302
0.597999	32	323
0.597999	33	300
0.597999	34	308
0.597999	35	259
0.597999	36	273
0.597999	37	280
0.597999	38	288
0.597999	39	244
0.597999	40	230
0.597999	41	243
0.597999	42	191
0.597999	43	158
0.597999	44	116
0.597999	45	97
0.597999	46	50
0.597999	47	33
0.597999	48	25
0.597999	49	5
0.597999	50	5
0.597999	52	1
0.598999	2	5419
0.598999	3	3602
0.598999	4	2542
0.598999	5	1816
0.598999	6	1439
0.598999	7	1143
0.598999	8	922
0.598999	9	801
0.598999	10	719
0.598999	11	599
0.598999	12	554
0.598999	13	478
0.598999	14	459
0.598999	15	434
0.598999	16	391
0.598999	17	381
0.598999	18	351
0.598999	19	365
0.598999	20	317
0.598999	21	333
0.598999	22	327
0.598999	23	301
0.598999	24	319
0.598999	25	329
0.598999	26	314
0.598999	27	286
0.598999	28	293
0.598999	29	312
0.598999	30	332
0.598999	31	307
0.598999	32	324
0.598999	33	295
0.598999	34	311
0.598999	35	260
0.598999	36	263
0.598999	37	280
0.598999	38	304
0.598999	39	249
0.598999	40	239
0.598999	41	238
0.598999	42	197
0.598999	43	162
0.598999	44	117
0.598999	45	99
0.598999	46	55
0.598999	47	35
0.598999	48	27
0.598999	49	5
0.598999	50	5
0.598999	52	1
